 8 0 0 0 5 0 0 0 0
 0 4 0 0 7 1 8 0 9
 0 0 0 8 9 3 2 4 1
 0 5 0 9 0 7 1 0 0
 0 8 0 3 0 0 0 0 0
 0 0 0 1 0 0 0 0 0
 0 2 0 4 0 0 0 0 8
 0 0 8 5 0 6 9 0 0
 0 9 0 7 0 0 0 2 0
Assigned 8 to (9, 6):
 8 0 0 0 5 0 0 0 0
 0 4 0 0 7 1 8 0 9
 0 0 0 8 9 3 2 4 1
 0 5 0 9 0 7 1 0 0
 0 8 0 3 0 0 0 0 0
 0 0 0 1 0 0 0 0 0
 0 2 0 4 0 0 0 0 8
 0 0 8 5 0 6 9 0 0
 0 9 0 7 0 8 0 2 0
Assigned 9 to (7, 6):
 8 0 0 0 5 0 0 0 0
 0 4 0 0 7 1 8 0 9
 0 0 0 8 9 3 2 4 1
 0 5 0 9 0 7 1 0 0
 0 8 0 3 0 0 0 0 0
 0 0 0 1 0 0 0 0 0
 0 2 0 4 0 9 0 0 8
 0 0 8 5 0 6 9 0 0
 0 9 0 7 0 8 0 2 0
Assigned 2 to (2, 4):
 8 0 0 0 5 0 0 0 0
 0 4 0 2 7 1 8 0 9
 0 0 0 8 9 3 2 4 1
 0 5 0 9 0 7 1 0 0
 0 8 0 3 0 0 0 0 0
 0 0 0 1 0 0 0 0 0
 0 2 0 4 0 9 0 0 8
 0 0 8 5 0 6 9 0 0
 0 9 0 7 0 8 0 2 0
Assigned 6 to (1, 4):
 8 0 0 6 5 0 0 0 0
 0 4 0 2 7 1 8 0 9
 0 0 0 8 9 3 2 4 1
 0 5 0 9 0 7 1 0 0
 0 8 0 3 0 0 0 0 0
 0 0 0 1 0 0 0 0 0
 0 2 0 4 0 9 0 0 8
 0 0 8 5 0 6 9 0 0
 0 9 0 7 0 8 0 2 0
Assigned 4 to (1, 6):
 8 0 0 6 5 4 0 0 0
 0 4 0 2 7 1 8 0 9
 0 0 0 8 9 3 2 4 1
 0 5 0 9 0 7 1 0 0
 0 8 0 3 0 0 0 0 0
 0 0 0 1 0 0 0 0 0
 0 2 0 4 0 9 0 0 8
 0 0 8 5 0 6 9 0 0
 0 9 0 7 0 8 0 2 0
Assigned 7 to (3, 2):
 8 0 0 6 5 4 0 0 0
 0 4 0 2 7 1 8 0 9
 0 7 0 8 9 3 2 4 1
 0 5 0 9 0 7 1 0 0
 0 8 0 3 0 0 0 0 0
 0 0 0 1 0 0 0 0 0
 0 2 0 4 0 9 0 0 8
 0 0 8 5 0 6 9 0 0
 0 9 0 7 0 8 0 2 0
Assigned 1 to (7, 5):
 8 0 0 6 5 4 0 0 0
 0 4 0 2 7 1 8 0 9
 0 7 0 8 9 3 2 4 1
 0 5 0 9 0 7 1 0 0
 0 8 0 3 0 0 0 0 0
 0 0 0 1 0 0 0 0 0
 0 2 0 4 1 9 0 0 8
 0 0 8 5 0 6 9 0 0
 0 9 0 7 0 8 0 2 0
Assigned 3 to (9, 5):
 8 0 0 6 5 4 0 0 0
 0 4 0 2 7 1 8 0 9
 0 7 0 8 9 3 2 4 1
 0 5 0 9 0 7 1 0 0
 0 8 0 3 0 0 0 0 0
 0 0 0 1 0 0 0 0 0
 0 2 0 4 1 9 0 0 8
 0 0 8 5 0 6 9 0 0
 0 9 0 7 3 8 0 2 0
Assigned 2 to (8, 5):
 8 0 0 6 5 4 0 0 0
 0 4 0 2 7 1 8 0 9
 0 7 0 8 9 3 2 4 1
 0 5 0 9 0 7 1 0 0
 0 8 0 3 0 0 0 0 0
 0 0 0 1 0 0 0 0 0
 0 2 0 4 1 9 0 0 8
 0 0 8 5 2 6 9 0 0
 0 9 0 7 3 8 0 2 0
Assigned 1 to (8, 2):
 8 0 0 6 5 4 0 0 0
 0 4 0 2 7 1 8 0 9
 0 7 0 8 9 3 2 4 1
 0 5 0 9 0 7 1 0 0
 0 8 0 3 0 0 0 0 0
 0 0 0 1 0 0 0 0 0
 0 2 0 4 1 9 0 0 8
 0 1 8 5 2 6 9 0 0
 0 9 0 7 3 8 0 2 0
Assigned 3 to (1, 2):
 8 3 0 6 5 4 0 0 0
 0 4 0 2 7 1 8 0 9
 0 7 0 8 9 3 2 4 1
 0 5 0 9 0 7 1 0 0
 0 8 0 3 0 0 0 0 0
 0 0 0 1 0 0 0 0 0
 0 2 0 4 1 9 0 0 8
 0 1 8 5 2 6 9 0 0
 0 9 0 7 3 8 0 2 0
Assigned 7 to (1, 7):
 8 3 0 6 5 4 7 0 0
 0 4 0 2 7 1 8 0 9
 0 7 0 8 9 3 2 4 1
 0 5 0 9 0 7 1 0 0
 0 8 0 3 0 0 0 0 0
 0 0 0 1 0 0 0 0 0
 0 2 0 4 1 9 0 0 8
 0 1 8 5 2 6 9 0 0
 0 9 0 7 3 8 0 2 0
Backtracking...
Backtracking...
Backtracking...
Assigned 3 to (8, 2):
 8 0 0 6 5 4 0 0 0
 0 4 0 2 7 1 8 0 9
 0 7 0 8 9 3 2 4 1
 0 5 0 9 0 7 1 0 0
 0 8 0 3 0 0 0 0 0
 0 0 0 1 0 0 0 0 0
 0 2 0 4 1 9 0 0 8
 0 3 8 5 2 6 9 0 0
 0 9 0 7 3 8 0 2 0
Assigned 1 to (1, 2):
 8 1 0 6 5 4 0 0 0
 0 4 0 2 7 1 8 0 9
 0 7 0 8 9 3 2 4 1
 0 5 0 9 0 7 1 0 0
 0 8 0 3 0 0 0 0 0
 0 0 0 1 0 0 0 0 0
 0 2 0 4 1 9 0 0 8
 0 3 8 5 2 6 9 0 0
 0 9 0 7 3 8 0 2 0
Assigned 6 to (6, 2):
 8 1 0 6 5 4 0 0 0
 0 4 0 2 7 1 8 0 9
 0 7 0 8 9 3 2 4 1
 0 5 0 9 0 7 1 0 0
 0 8 0 3 0 0 0 0 0
 0 6 0 1 0 0 0 0 0
 0 2 0 4 1 9 0 0 8
 0 3 8 5 2 6 9 0 0
 0 9 0 7 3 8 0 2 0
Assigned 3 to (1, 7):
 8 1 0 6 5 4 3 0 0
 0 4 0 2 7 1 8 0 9
 0 7 0 8 9 3 2 4 1
 0 5 0 9 0 7 1 0 0
 0 8 0 3 0 0 0 0 0
 0 6 0 1 0 0 0 0 0
 0 2 0 4 1 9 0 0 8
 0 3 8 5 2 6 9 0 0
 0 9 0 7 3 8 0 2 0
Assigned 7 to (1, 9):
 8 1 0 6 5 4 3 0 7
 0 4 0 2 7 1 8 0 9
 0 7 0 8 9 3 2 4 1
 0 5 0 9 0 7 1 0 0
 0 8 0 3 0 0 0 0 0
 0 6 0 1 0 0 0 0 0
 0 2 0 4 1 9 0 0 8
 0 3 8 5 2 6 9 0 0
 0 9 0 7 3 8 0 2 0
Backtracking...
Backtracking...
Assigned 7 to (1, 7):
 8 1 0 6 5 4 7 0 0
 0 4 0 2 7 1 8 0 9
 0 7 0 8 9 3 2 4 1
 0 5 0 9 0 7 1 0 0
 0 8 0 3 0 0 0 0 0
 0 6 0 1 0 0 0 0 0
 0 2 0 4 1 9 0 0 8
 0 3 8 5 2 6 9 0 0
 0 9 0 7 3 8 0 2 0
Assigned 3 to (1, 9):
 8 1 0 6 5 4 7 0 3
 0 4 0 2 7 1 8 0 9
 0 7 0 8 9 3 2 4 1
 0 5 0 9 0 7 1 0 0
 0 8 0 3 0 0 0 0 0
 0 6 0 1 0 0 0 0 0
 0 2 0 4 1 9 0 0 8
 0 3 8 5 2 6 9 0 0
 0 9 0 7 3 8 0 2 0
Backtracking...
Backtracking...
Backtracking...
Backtracking...
Backtracking...
Backtracking...
Backtracking...
Backtracking...
Assigned 3 to (7, 5):
 8 0 0 6 5 4 0 0 0
 0 4 0 2 7 1 8 0 9
 0 7 0 8 9 3 2 4 1
 0 5 0 9 0 7 1 0 0
 0 8 0 3 0 0 0 0 0
 0 0 0 1 0 0 0 0 0
 0 2 0 4 3 9 0 0 8
 0 0 8 5 0 6 9 0 0
 0 9 0 7 0 8 0 2 0
Assigned 1 to (9, 5):
 8 0 0 6 5 4 0 0 0
 0 4 0 2 7 1 8 0 9
 0 7 0 8 9 3 2 4 1
 0 5 0 9 0 7 1 0 0
 0 8 0 3 0 0 0 0 0
 0 0 0 1 0 0 0 0 0
 0 2 0 4 3 9 0 0 8
 0 0 8 5 0 6 9 0 0
 0 9 0 7 1 8 0 2 0
Assigned 2 to (8, 5):
 8 0 0 6 5 4 0 0 0
 0 4 0 2 7 1 8 0 9
 0 7 0 8 9 3 2 4 1
 0 5 0 9 0 7 1 0 0
 0 8 0 3 0 0 0 0 0
 0 0 0 1 0 0 0 0 0
 0 2 0 4 3 9 0 0 8
 0 0 8 5 2 6 9 0 0
 0 9 0 7 1 8 0 2 0
Assigned 1 to (8, 2):
 8 0 0 6 5 4 0 0 0
 0 4 0 2 7 1 8 0 9
 0 7 0 8 9 3 2 4 1
 0 5 0 9 0 7 1 0 0
 0 8 0 3 0 0 0 0 0
 0 0 0 1 0 0 0 0 0
 0 2 0 4 3 9 0 0 8
 0 1 8 5 2 6 9 0 0
 0 9 0 7 1 8 0 2 0
Assigned 3 to (1, 2):
 8 3 0 6 5 4 0 0 0
 0 4 0 2 7 1 8 0 9
 0 7 0 8 9 3 2 4 1
 0 5 0 9 0 7 1 0 0
 0 8 0 3 0 0 0 0 0
 0 0 0 1 0 0 0 0 0
 0 2 0 4 3 9 0 0 8
 0 1 8 5 2 6 9 0 0
 0 9 0 7 1 8 0 2 0
Assigned 7 to (1, 7):
 8 3 0 6 5 4 7 0 0
 0 4 0 2 7 1 8 0 9
 0 7 0 8 9 3 2 4 1
 0 5 0 9 0 7 1 0 0
 0 8 0 3 0 0 0 0 0
 0 0 0 1 0 0 0 0 0
 0 2 0 4 3 9 0 0 8
 0 1 8 5 2 6 9 0 0
 0 9 0 7 1 8 0 2 0
Backtracking...
Backtracking...
Backtracking...
Assigned 3 to (8, 2):
 8 0 0 6 5 4 0 0 0
 0 4 0 2 7 1 8 0 9
 0 7 0 8 9 3 2 4 1
 0 5 0 9 0 7 1 0 0
 0 8 0 3 0 0 0 0 0
 0 0 0 1 0 0 0 0 0
 0 2 0 4 3 9 0 0 8
 0 3 8 5 2 6 9 0 0
 0 9 0 7 1 8 0 2 0
Assigned 1 to (1, 2):
 8 1 0 6 5 4 0 0 0
 0 4 0 2 7 1 8 0 9
 0 7 0 8 9 3 2 4 1
 0 5 0 9 0 7 1 0 0
 0 8 0 3 0 0 0 0 0
 0 0 0 1 0 0 0 0 0
 0 2 0 4 3 9 0 0 8
 0 3 8 5 2 6 9 0 0
 0 9 0 7 1 8 0 2 0
Assigned 6 to (6, 2):
 8 1 0 6 5 4 0 0 0
 0 4 0 2 7 1 8 0 9
 0 7 0 8 9 3 2 4 1
 0 5 0 9 0 7 1 0 0
 0 8 0 3 0 0 0 0 0
 0 6 0 1 0 0 0 0 0
 0 2 0 4 3 9 0 0 8
 0 3 8 5 2 6 9 0 0
 0 9 0 7 1 8 0 2 0
Assigned 3 to (1, 7):
 8 1 0 6 5 4 3 0 0
 0 4 0 2 7 1 8 0 9
 0 7 0 8 9 3 2 4 1
 0 5 0 9 0 7 1 0 0
 0 8 0 3 0 0 0 0 0
 0 6 0 1 0 0 0 0 0
 0 2 0 4 3 9 0 0 8
 0 3 8 5 2 6 9 0 0
 0 9 0 7 1 8 0 2 0
Assigned 7 to (1, 9):
 8 1 0 6 5 4 3 0 7
 0 4 0 2 7 1 8 0 9
 0 7 0 8 9 3 2 4 1
 0 5 0 9 0 7 1 0 0
 0 8 0 3 0 0 0 0 0
 0 6 0 1 0 0 0 0 0
 0 2 0 4 3 9 0 0 8
 0 3 8 5 2 6 9 0 0
 0 9 0 7 1 8 0 2 0
Backtracking...
Backtracking...
Assigned 7 to (1, 7):
 8 1 0 6 5 4 7 0 0
 0 4 0 2 7 1 8 0 9
 0 7 0 8 9 3 2 4 1
 0 5 0 9 0 7 1 0 0
 0 8 0 3 0 0 0 0 0
 0 6 0 1 0 0 0 0 0
 0 2 0 4 3 9 0 0 8
 0 3 8 5 2 6 9 0 0
 0 9 0 7 1 8 0 2 0
Assigned 3 to (1, 9):
 8 1 0 6 5 4 7 0 3
 0 4 0 2 7 1 8 0 9
 0 7 0 8 9 3 2 4 1
 0 5 0 9 0 7 1 0 0
 0 8 0 3 0 0 0 0 0
 0 6 0 1 0 0 0 0 0
 0 2 0 4 3 9 0 0 8
 0 3 8 5 2 6 9 0 0
 0 9 0 7 1 8 0 2 0
Backtracking...
Backtracking...
Backtracking...
Backtracking...
Backtracking...
Backtracking...
Backtracking...
Backtracking...
Backtracking...
Assigned 6 to (3, 2):
 8 0 0 6 5 4 0 0 0
 0 4 0 2 7 1 8 0 9
 0 6 0 8 9 3 2 4 1
 0 5 0 9 0 7 1 0 0
 0 8 0 3 0 0 0 0 0
 0 0 0 1 0 0 0 0 0
 0 2 0 4 0 9 0 0 8
 0 0 8 5 0 6 9 0 0
 0 9 0 7 0 8 0 2 0
Assigned 1 to (7, 5):
 8 0 0 6 5 4 0 0 0
 0 4 0 2 7 1 8 0 9
 0 6 0 8 9 3 2 4 1
 0 5 0 9 0 7 1 0 0
 0 8 0 3 0 0 0 0 0
 0 0 0 1 0 0 0 0 0
 0 2 0 4 1 9 0 0 8
 0 0 8 5 0 6 9 0 0
 0 9 0 7 0 8 0 2 0
Assigned 3 to (9, 5):
 8 0 0 6 5 4 0 0 0
 0 4 0 2 7 1 8 0 9
 0 6 0 8 9 3 2 4 1
 0 5 0 9 0 7 1 0 0
 0 8 0 3 0 0 0 0 0
 0 0 0 1 0 0 0 0 0
 0 2 0 4 1 9 0 0 8
 0 0 8 5 0 6 9 0 0
 0 9 0 7 3 8 0 2 0
Assigned 2 to (8, 5):
 8 0 0 6 5 4 0 0 0
 0 4 0 2 7 1 8 0 9
 0 6 0 8 9 3 2 4 1
 0 5 0 9 0 7 1 0 0
 0 8 0 3 0 0 0 0 0
 0 0 0 1 0 0 0 0 0
 0 2 0 4 1 9 0 0 8
 0 0 8 5 2 6 9 0 0
 0 9 0 7 3 8 0 2 0
Assigned 4 to (5, 5):
 8 0 0 6 5 4 0 0 0
 0 4 0 2 7 1 8 0 9
 0 6 0 8 9 3 2 4 1
 0 5 0 9 0 7 1 0 0
 0 8 0 3 4 0 0 0 0
 0 0 0 1 0 0 0 0 0
 0 2 0 4 1 9 0 0 8
 0 0 8 5 2 6 9 0 0
 0 9 0 7 3 8 0 2 0
Assigned 8 to (4, 5):
 8 0 0 6 5 4 0 0 0
 0 4 0 2 7 1 8 0 9
 0 6 0 8 9 3 2 4 1
 0 5 0 9 8 7 1 0 0
 0 8 0 3 4 0 0 0 0
 0 0 0 1 0 0 0 0 0
 0 2 0 4 1 9 0 0 8
 0 0 8 5 2 6 9 0 0
 0 9 0 7 3 8 0 2 0
Assigned 6 to (6, 5):
 8 0 0 6 5 4 0 0 0
 0 4 0 2 7 1 8 0 9
 0 6 0 8 9 3 2 4 1
 0 5 0 9 8 7 1 0 0
 0 8 0 3 4 0 0 0 0
 0 0 0 1 6 0 0 0 0
 0 2 0 4 1 9 0 0 8
 0 0 8 5 2 6 9 0 0
 0 9 0 7 3 8 0 2 0
Assigned 2 to (5, 6):
 8 0 0 6 5 4 0 0 0
 0 4 0 2 7 1 8 0 9
 0 6 0 8 9 3 2 4 1
 0 5 0 9 8 7 1 0 0
 0 8 0 3 4 2 0 0 0
 0 0 0 1 6 0 0 0 0
 0 2 0 4 1 9 0 0 8
 0 0 8 5 2 6 9 0 0
 0 9 0 7 3 8 0 2 0
Assigned 5 to (6, 6):
 8 0 0 6 5 4 0 0 0
 0 4 0 2 7 1 8 0 9
 0 6 0 8 9 3 2 4 1
 0 5 0 9 8 7 1 0 0
 0 8 0 3 4 2 0 0 0
 0 0 0 1 6 5 0 0 0
 0 2 0 4 1 9 0 0 8
 0 0 8 5 2 6 9 0 0
 0 9 0 7 3 8 0 2 0
Assigned 7 to (1, 7):
 8 0 0 6 5 4 7 0 0
 0 4 0 2 7 1 8 0 9
 0 6 0 8 9 3 2 4 1
 0 5 0 9 8 7 1 0 0
 0 8 0 3 4 2 0 0 0
 0 0 0 1 6 5 0 0 0
 0 2 0 4 1 9 0 0 8
 0 0 8 5 2 6 9 0 0
 0 9 0 7 3 8 0 2 0
Assigned 3 to (1, 8):
 8 0 0 6 5 4 7 3 0
 0 4 0 2 7 1 8 0 9
 0 6 0 8 9 3 2 4 1
 0 5 0 9 8 7 1 0 0
 0 8 0 3 4 2 0 0 0
 0 0 0 1 6 5 0 0 0
 0 2 0 4 1 9 0 0 8
 0 0 8 5 2 6 9 0 0
 0 9 0 7 3 8 0 2 0
Backtracking...
Backtracking...
Assigned 3 to (1, 7):
 8 0 0 6 5 4 3 0 0
 0 4 0 2 7 1 8 0 9
 0 6 0 8 9 3 2 4 1
 0 5 0 9 8 7 1 0 0
 0 8 0 3 4 2 0 0 0
 0 0 0 1 6 5 0 0 0
 0 2 0 4 1 9 0 0 8
 0 0 8 5 2 6 9 0 0
 0 9 0 7 3 8 0 2 0
Assigned 7 to (1, 8):
 8 0 0 6 5 4 3 7 0
 0 4 0 2 7 1 8 0 9
 0 6 0 8 9 3 2 4 1
 0 5 0 9 8 7 1 0 0
 0 8 0 3 4 2 0 0 0
 0 0 0 1 6 5 0 0 0
 0 2 0 4 1 9 0 0 8
 0 0 8 5 2 6 9 0 0
 0 9 0 7 3 8 0 2 0
Backtracking...
Backtracking...
Backtracking...
Backtracking...
Assigned 5 to (5, 6):
 8 0 0 6 5 4 0 0 0
 0 4 0 2 7 1 8 0 9
 0 6 0 8 9 3 2 4 1
 0 5 0 9 8 7 1 0 0
 0 8 0 3 4 5 0 0 0
 0 0 0 1 6 0 0 0 0
 0 2 0 4 1 9 0 0 8
 0 0 8 5 2 6 9 0 0
 0 9 0 7 3 8 0 2 0
Assigned 2 to (6, 6):
 8 0 0 6 5 4 0 0 0
 0 4 0 2 7 1 8 0 9
 0 6 0 8 9 3 2 4 1
 0 5 0 9 8 7 1 0 0
 0 8 0 3 4 5 0 0 0
 0 0 0 1 6 2 0 0 0
 0 2 0 4 1 9 0 0 8
 0 0 8 5 2 6 9 0 0
 0 9 0 7 3 8 0 2 0
Assigned 7 to (1, 7):
 8 0 0 6 5 4 7 0 0
 0 4 0 2 7 1 8 0 9
 0 6 0 8 9 3 2 4 1
 0 5 0 9 8 7 1 0 0
 0 8 0 3 4 5 0 0 0
 0 0 0 1 6 2 0 0 0
 0 2 0 4 1 9 0 0 8
 0 0 8 5 2 6 9 0 0
 0 9 0 7 3 8 0 2 0
Assigned 3 to (1, 8):
 8 0 0 6 5 4 7 3 0
 0 4 0 2 7 1 8 0 9
 0 6 0 8 9 3 2 4 1
 0 5 0 9 8 7 1 0 0
 0 8 0 3 4 5 0 0 0
 0 0 0 1 6 2 0 0 0
 0 2 0 4 1 9 0 0 8
 0 0 8 5 2 6 9 0 0
 0 9 0 7 3 8 0 2 0
Backtracking...
Backtracking...
Assigned 3 to (1, 7):
 8 0 0 6 5 4 3 0 0
 0 4 0 2 7 1 8 0 9
 0 6 0 8 9 3 2 4 1
 0 5 0 9 8 7 1 0 0
 0 8 0 3 4 5 0 0 0
 0 0 0 1 6 2 0 0 0
 0 2 0 4 1 9 0 0 8
 0 0 8 5 2 6 9 0 0
 0 9 0 7 3 8 0 2 0
Assigned 7 to (1, 8):
 8 0 0 6 5 4 3 7 0
 0 4 0 2 7 1 8 0 9
 0 6 0 8 9 3 2 4 1
 0 5 0 9 8 7 1 0 0
 0 8 0 3 4 5 0 0 0
 0 0 0 1 6 2 0 0 0
 0 2 0 4 1 9 0 0 8
 0 0 8 5 2 6 9 0 0
 0 9 0 7 3 8 0 2 0
Backtracking...
Backtracking...
Backtracking...
Backtracking...
Backtracking...
Backtracking...
Assigned 6 to (4, 5):
 8 0 0 6 5 4 0 0 0
 0 4 0 2 7 1 8 0 9
 0 6 0 8 9 3 2 4 1
 0 5 0 9 6 7 1 0 0
 0 8 0 3 4 0 0 0 0
 0 0 0 1 0 0 0 0 0
 0 2 0 4 1 9 0 0 8
 0 0 8 5 2 6 9 0 0
 0 9 0 7 3 8 0 2 0
Assigned 8 to (6, 5):
 8 0 0 6 5 4 0 0 0
 0 4 0 2 7 1 8 0 9
 0 6 0 8 9 3 2 4 1
 0 5 0 9 6 7 1 0 0
 0 8 0 3 4 0 0 0 0
 0 0 0 1 8 0 0 0 0
 0 2 0 4 1 9 0 0 8
 0 0 8 5 2 6 9 0 0
 0 9 0 7 3 8 0 2 0
Assigned 2 to (5, 6):
 8 0 0 6 5 4 0 0 0
 0 4 0 2 7 1 8 0 9
 0 6 0 8 9 3 2 4 1
 0 5 0 9 6 7 1 0 0
 0 8 0 3 4 2 0 0 0
 0 0 0 1 8 0 0 0 0
 0 2 0 4 1 9 0 0 8
 0 0 8 5 2 6 9 0 0
 0 9 0 7 3 8 0 2 0
Assigned 5 to (6, 6):
 8 0 0 6 5 4 0 0 0
 0 4 0 2 7 1 8 0 9
 0 6 0 8 9 3 2 4 1
 0 5 0 9 6 7 1 0 0
 0 8 0 3 4 2 0 0 0
 0 0 0 1 8 5 0 0 0
 0 2 0 4 1 9 0 0 8
 0 0 8 5 2 6 9 0 0
 0 9 0 7 3 8 0 2 0
Assigned 7 to (1, 7):
 8 0 0 6 5 4 7 0 0
 0 4 0 2 7 1 8 0 9
 0 6 0 8 9 3 2 4 1
 0 5 0 9 6 7 1 0 0
 0 8 0 3 4 2 0 0 0
 0 0 0 1 8 5 0 0 0
 0 2 0 4 1 9 0 0 8
 0 0 8 5 2 6 9 0 0
 0 9 0 7 3 8 0 2 0
Assigned 3 to (1, 8):
 8 0 0 6 5 4 7 3 0
 0 4 0 2 7 1 8 0 9
 0 6 0 8 9 3 2 4 1
 0 5 0 9 6 7 1 0 0
 0 8 0 3 4 2 0 0 0
 0 0 0 1 8 5 0 0 0
 0 2 0 4 1 9 0 0 8
 0 0 8 5 2 6 9 0 0
 0 9 0 7 3 8 0 2 0
Backtracking...
Backtracking...
Assigned 3 to (1, 7):
 8 0 0 6 5 4 3 0 0
 0 4 0 2 7 1 8 0 9
 0 6 0 8 9 3 2 4 1
 0 5 0 9 6 7 1 0 0
 0 8 0 3 4 2 0 0 0
 0 0 0 1 8 5 0 0 0
 0 2 0 4 1 9 0 0 8
 0 0 8 5 2 6 9 0 0
 0 9 0 7 3 8 0 2 0
Assigned 7 to (1, 8):
 8 0 0 6 5 4 3 7 0
 0 4 0 2 7 1 8 0 9
 0 6 0 8 9 3 2 4 1
 0 5 0 9 6 7 1 0 0
 0 8 0 3 4 2 0 0 0
 0 0 0 1 8 5 0 0 0
 0 2 0 4 1 9 0 0 8
 0 0 8 5 2 6 9 0 0
 0 9 0 7 3 8 0 2 0
Backtracking...
Backtracking...
Backtracking...
Backtracking...
Assigned 5 to (5, 6):
 8 0 0 6 5 4 0 0 0
 0 4 0 2 7 1 8 0 9
 0 6 0 8 9 3 2 4 1
 0 5 0 9 6 7 1 0 0
 0 8 0 3 4 5 0 0 0
 0 0 0 1 8 0 0 0 0
 0 2 0 4 1 9 0 0 8
 0 0 8 5 2 6 9 0 0
 0 9 0 7 3 8 0 2 0
Assigned 2 to (6, 6):
 8 0 0 6 5 4 0 0 0
 0 4 0 2 7 1 8 0 9
 0 6 0 8 9 3 2 4 1
 0 5 0 9 6 7 1 0 0
 0 8 0 3 4 5 0 0 0
 0 0 0 1 8 2 0 0 0
 0 2 0 4 1 9 0 0 8
 0 0 8 5 2 6 9 0 0
 0 9 0 7 3 8 0 2 0
Assigned 7 to (1, 7):
 8 0 0 6 5 4 7 0 0
 0 4 0 2 7 1 8 0 9
 0 6 0 8 9 3 2 4 1
 0 5 0 9 6 7 1 0 0
 0 8 0 3 4 5 0 0 0
 0 0 0 1 8 2 0 0 0
 0 2 0 4 1 9 0 0 8
 0 0 8 5 2 6 9 0 0
 0 9 0 7 3 8 0 2 0
Assigned 3 to (1, 8):
 8 0 0 6 5 4 7 3 0
 0 4 0 2 7 1 8 0 9
 0 6 0 8 9 3 2 4 1
 0 5 0 9 6 7 1 0 0
 0 8 0 3 4 5 0 0 0
 0 0 0 1 8 2 0 0 0
 0 2 0 4 1 9 0 0 8
 0 0 8 5 2 6 9 0 0
 0 9 0 7 3 8 0 2 0
Backtracking...
Backtracking...
Assigned 3 to (1, 7):
 8 0 0 6 5 4 3 0 0
 0 4 0 2 7 1 8 0 9
 0 6 0 8 9 3 2 4 1
 0 5 0 9 6 7 1 0 0
 0 8 0 3 4 5 0 0 0
 0 0 0 1 8 2 0 0 0
 0 2 0 4 1 9 0 0 8
 0 0 8 5 2 6 9 0 0
 0 9 0 7 3 8 0 2 0
Assigned 7 to (1, 8):
 8 0 0 6 5 4 3 7 0
 0 4 0 2 7 1 8 0 9
 0 6 0 8 9 3 2 4 1
 0 5 0 9 6 7 1 0 0
 0 8 0 3 4 5 0 0 0
 0 0 0 1 8 2 0 0 0
 0 2 0 4 1 9 0 0 8
 0 0 8 5 2 6 9 0 0
 0 9 0 7 3 8 0 2 0
Backtracking...
Backtracking...
Backtracking...
Backtracking...
Backtracking...
Backtracking...
Backtracking...
Assigned 6 to (5, 5):
 8 0 0 6 5 4 0 0 0
 0 4 0 2 7 1 8 0 9
 0 6 0 8 9 3 2 4 1
 0 5 0 9 0 7 1 0 0
 0 8 0 3 6 0 0 0 0
 0 0 0 1 0 0 0 0 0
 0 2 0 4 1 9 0 0 8
 0 0 8 5 2 6 9 0 0
 0 9 0 7 3 8 0 2 0
Assigned 8 to (4, 5):
 8 0 0 6 5 4 0 0 0
 0 4 0 2 7 1 8 0 9
 0 6 0 8 9 3 2 4 1
 0 5 0 9 8 7 1 0 0
 0 8 0 3 6 0 0 0 0
 0 0 0 1 0 0 0 0 0
 0 2 0 4 1 9 0 0 8
 0 0 8 5 2 6 9 0 0
 0 9 0 7 3 8 0 2 0
Assigned 4 to (6, 5):
 8 0 0 6 5 4 0 0 0
 0 4 0 2 7 1 8 0 9
 0 6 0 8 9 3 2 4 1
 0 5 0 9 8 7 1 0 0
 0 8 0 3 6 0 0 0 0
 0 0 0 1 4 0 0 0 0
 0 2 0 4 1 9 0 0 8
 0 0 8 5 2 6 9 0 0
 0 9 0 7 3 8 0 2 0
Assigned 2 to (5, 6):
 8 0 0 6 5 4 0 0 0
 0 4 0 2 7 1 8 0 9
 0 6 0 8 9 3 2 4 1
 0 5 0 9 8 7 1 0 0
 0 8 0 3 6 2 0 0 0
 0 0 0 1 4 0 0 0 0
 0 2 0 4 1 9 0 0 8
 0 0 8 5 2 6 9 0 0
 0 9 0 7 3 8 0 2 0
Assigned 5 to (6, 6):
 8 0 0 6 5 4 0 0 0
 0 4 0 2 7 1 8 0 9
 0 6 0 8 9 3 2 4 1
 0 5 0 9 8 7 1 0 0
 0 8 0 3 6 2 0 0 0
 0 0 0 1 4 5 0 0 0
 0 2 0 4 1 9 0 0 8
 0 0 8 5 2 6 9 0 0
 0 9 0 7 3 8 0 2 0
Assigned 7 to (1, 7):
 8 0 0 6 5 4 7 0 0
 0 4 0 2 7 1 8 0 9
 0 6 0 8 9 3 2 4 1
 0 5 0 9 8 7 1 0 0
 0 8 0 3 6 2 0 0 0
 0 0 0 1 4 5 0 0 0
 0 2 0 4 1 9 0 0 8
 0 0 8 5 2 6 9 0 0
 0 9 0 7 3 8 0 2 0
Assigned 3 to (1, 8):
 8 0 0 6 5 4 7 3 0
 0 4 0 2 7 1 8 0 9
 0 6 0 8 9 3 2 4 1
 0 5 0 9 8 7 1 0 0
 0 8 0 3 6 2 0 0 0
 0 0 0 1 4 5 0 0 0
 0 2 0 4 1 9 0 0 8
 0 0 8 5 2 6 9 0 0
 0 9 0 7 3 8 0 2 0
Backtracking...
Backtracking...
Assigned 3 to (1, 7):
 8 0 0 6 5 4 3 0 0
 0 4 0 2 7 1 8 0 9
 0 6 0 8 9 3 2 4 1
 0 5 0 9 8 7 1 0 0
 0 8 0 3 6 2 0 0 0
 0 0 0 1 4 5 0 0 0
 0 2 0 4 1 9 0 0 8
 0 0 8 5 2 6 9 0 0
 0 9 0 7 3 8 0 2 0
Assigned 7 to (1, 8):
 8 0 0 6 5 4 3 7 0
 0 4 0 2 7 1 8 0 9
 0 6 0 8 9 3 2 4 1
 0 5 0 9 8 7 1 0 0
 0 8 0 3 6 2 0 0 0
 0 0 0 1 4 5 0 0 0
 0 2 0 4 1 9 0 0 8
 0 0 8 5 2 6 9 0 0
 0 9 0 7 3 8 0 2 0
Backtracking...
Backtracking...
Backtracking...
Backtracking...
Assigned 5 to (5, 6):
 8 0 0 6 5 4 0 0 0
 0 4 0 2 7 1 8 0 9
 0 6 0 8 9 3 2 4 1
 0 5 0 9 8 7 1 0 0
 0 8 0 3 6 5 0 0 0
 0 0 0 1 4 0 0 0 0
 0 2 0 4 1 9 0 0 8
 0 0 8 5 2 6 9 0 0
 0 9 0 7 3 8 0 2 0
Assigned 2 to (6, 6):
 8 0 0 6 5 4 0 0 0
 0 4 0 2 7 1 8 0 9
 0 6 0 8 9 3 2 4 1
 0 5 0 9 8 7 1 0 0
 0 8 0 3 6 5 0 0 0
 0 0 0 1 4 2 0 0 0
 0 2 0 4 1 9 0 0 8
 0 0 8 5 2 6 9 0 0
 0 9 0 7 3 8 0 2 0
Assigned 7 to (1, 7):
 8 0 0 6 5 4 7 0 0
 0 4 0 2 7 1 8 0 9
 0 6 0 8 9 3 2 4 1
 0 5 0 9 8 7 1 0 0
 0 8 0 3 6 5 0 0 0
 0 0 0 1 4 2 0 0 0
 0 2 0 4 1 9 0 0 8
 0 0 8 5 2 6 9 0 0
 0 9 0 7 3 8 0 2 0
Assigned 3 to (1, 8):
 8 0 0 6 5 4 7 3 0
 0 4 0 2 7 1 8 0 9
 0 6 0 8 9 3 2 4 1
 0 5 0 9 8 7 1 0 0
 0 8 0 3 6 5 0 0 0
 0 0 0 1 4 2 0 0 0
 0 2 0 4 1 9 0 0 8
 0 0 8 5 2 6 9 0 0
 0 9 0 7 3 8 0 2 0
Backtracking...
Backtracking...
Assigned 3 to (1, 7):
 8 0 0 6 5 4 3 0 0
 0 4 0 2 7 1 8 0 9
 0 6 0 8 9 3 2 4 1
 0 5 0 9 8 7 1 0 0
 0 8 0 3 6 5 0 0 0
 0 0 0 1 4 2 0 0 0
 0 2 0 4 1 9 0 0 8
 0 0 8 5 2 6 9 0 0
 0 9 0 7 3 8 0 2 0
Assigned 7 to (1, 8):
 8 0 0 6 5 4 3 7 0
 0 4 0 2 7 1 8 0 9
 0 6 0 8 9 3 2 4 1
 0 5 0 9 8 7 1 0 0
 0 8 0 3 6 5 0 0 0
 0 0 0 1 4 2 0 0 0
 0 2 0 4 1 9 0 0 8
 0 0 8 5 2 6 9 0 0
 0 9 0 7 3 8 0 2 0
Backtracking...
Backtracking...
Backtracking...
Backtracking...
Backtracking...
Backtracking...
Assigned 4 to (4, 5):
 8 0 0 6 5 4 0 0 0
 0 4 0 2 7 1 8 0 9
 0 6 0 8 9 3 2 4 1
 0 5 0 9 4 7 1 0 0
 0 8 0 3 6 0 0 0 0
 0 0 0 1 0 0 0 0 0
 0 2 0 4 1 9 0 0 8
 0 0 8 5 2 6 9 0 0
 0 9 0 7 3 8 0 2 0
Assigned 8 to (6, 5):
 8 0 0 6 5 4 0 0 0
 0 4 0 2 7 1 8 0 9
 0 6 0 8 9 3 2 4 1
 0 5 0 9 4 7 1 0 0
 0 8 0 3 6 0 0 0 0
 0 0 0 1 8 0 0 0 0
 0 2 0 4 1 9 0 0 8
 0 0 8 5 2 6 9 0 0
 0 9 0 7 3 8 0 2 0
Assigned 2 to (5, 6):
 8 0 0 6 5 4 0 0 0
 0 4 0 2 7 1 8 0 9
 0 6 0 8 9 3 2 4 1
 0 5 0 9 4 7 1 0 0
 0 8 0 3 6 2 0 0 0
 0 0 0 1 8 0 0 0 0
 0 2 0 4 1 9 0 0 8
 0 0 8 5 2 6 9 0 0
 0 9 0 7 3 8 0 2 0
Assigned 5 to (6, 6):
 8 0 0 6 5 4 0 0 0
 0 4 0 2 7 1 8 0 9
 0 6 0 8 9 3 2 4 1
 0 5 0 9 4 7 1 0 0
 0 8 0 3 6 2 0 0 0
 0 0 0 1 8 5 0 0 0
 0 2 0 4 1 9 0 0 8
 0 0 8 5 2 6 9 0 0
 0 9 0 7 3 8 0 2 0
Assigned 7 to (1, 7):
 8 0 0 6 5 4 7 0 0
 0 4 0 2 7 1 8 0 9
 0 6 0 8 9 3 2 4 1
 0 5 0 9 4 7 1 0 0
 0 8 0 3 6 2 0 0 0
 0 0 0 1 8 5 0 0 0
 0 2 0 4 1 9 0 0 8
 0 0 8 5 2 6 9 0 0
 0 9 0 7 3 8 0 2 0
Assigned 3 to (1, 8):
 8 0 0 6 5 4 7 3 0
 0 4 0 2 7 1 8 0 9
 0 6 0 8 9 3 2 4 1
 0 5 0 9 4 7 1 0 0
 0 8 0 3 6 2 0 0 0
 0 0 0 1 8 5 0 0 0
 0 2 0 4 1 9 0 0 8
 0 0 8 5 2 6 9 0 0
 0 9 0 7 3 8 0 2 0
Backtracking...
Backtracking...
Assigned 3 to (1, 7):
 8 0 0 6 5 4 3 0 0
 0 4 0 2 7 1 8 0 9
 0 6 0 8 9 3 2 4 1
 0 5 0 9 4 7 1 0 0
 0 8 0 3 6 2 0 0 0
 0 0 0 1 8 5 0 0 0
 0 2 0 4 1 9 0 0 8
 0 0 8 5 2 6 9 0 0
 0 9 0 7 3 8 0 2 0
Assigned 7 to (1, 8):
 8 0 0 6 5 4 3 7 0
 0 4 0 2 7 1 8 0 9
 0 6 0 8 9 3 2 4 1
 0 5 0 9 4 7 1 0 0
 0 8 0 3 6 2 0 0 0
 0 0 0 1 8 5 0 0 0
 0 2 0 4 1 9 0 0 8
 0 0 8 5 2 6 9 0 0
 0 9 0 7 3 8 0 2 0
Backtracking...
Backtracking...
Backtracking...
Backtracking...
Assigned 5 to (5, 6):
 8 0 0 6 5 4 0 0 0
 0 4 0 2 7 1 8 0 9
 0 6 0 8 9 3 2 4 1
 0 5 0 9 4 7 1 0 0
 0 8 0 3 6 5 0 0 0
 0 0 0 1 8 0 0 0 0
 0 2 0 4 1 9 0 0 8
 0 0 8 5 2 6 9 0 0
 0 9 0 7 3 8 0 2 0
Assigned 2 to (6, 6):
 8 0 0 6 5 4 0 0 0
 0 4 0 2 7 1 8 0 9
 0 6 0 8 9 3 2 4 1
 0 5 0 9 4 7 1 0 0
 0 8 0 3 6 5 0 0 0
 0 0 0 1 8 2 0 0 0
 0 2 0 4 1 9 0 0 8
 0 0 8 5 2 6 9 0 0
 0 9 0 7 3 8 0 2 0
Assigned 7 to (1, 7):
 8 0 0 6 5 4 7 0 0
 0 4 0 2 7 1 8 0 9
 0 6 0 8 9 3 2 4 1
 0 5 0 9 4 7 1 0 0
 0 8 0 3 6 5 0 0 0
 0 0 0 1 8 2 0 0 0
 0 2 0 4 1 9 0 0 8
 0 0 8 5 2 6 9 0 0
 0 9 0 7 3 8 0 2 0
Assigned 3 to (1, 8):
 8 0 0 6 5 4 7 3 0
 0 4 0 2 7 1 8 0 9
 0 6 0 8 9 3 2 4 1
 0 5 0 9 4 7 1 0 0
 0 8 0 3 6 5 0 0 0
 0 0 0 1 8 2 0 0 0
 0 2 0 4 1 9 0 0 8
 0 0 8 5 2 6 9 0 0
 0 9 0 7 3 8 0 2 0
Backtracking...
Backtracking...
Assigned 3 to (1, 7):
 8 0 0 6 5 4 3 0 0
 0 4 0 2 7 1 8 0 9
 0 6 0 8 9 3 2 4 1
 0 5 0 9 4 7 1 0 0
 0 8 0 3 6 5 0 0 0
 0 0 0 1 8 2 0 0 0
 0 2 0 4 1 9 0 0 8
 0 0 8 5 2 6 9 0 0
 0 9 0 7 3 8 0 2 0
Assigned 7 to (1, 8):
 8 0 0 6 5 4 3 7 0
 0 4 0 2 7 1 8 0 9
 0 6 0 8 9 3 2 4 1
 0 5 0 9 4 7 1 0 0
 0 8 0 3 6 5 0 0 0
 0 0 0 1 8 2 0 0 0
 0 2 0 4 1 9 0 0 8
 0 0 8 5 2 6 9 0 0
 0 9 0 7 3 8 0 2 0
Backtracking...
Backtracking...
Backtracking...
Backtracking...
Backtracking...
Backtracking...
Backtracking...
Backtracking...
Backtracking...
Backtracking...
Assigned 3 to (7, 5):
 8 0 0 6 5 4 0 0 0
 0 4 0 2 7 1 8 0 9
 0 6 0 8 9 3 2 4 1
 0 5 0 9 0 7 1 0 0
 0 8 0 3 0 0 0 0 0
 0 0 0 1 0 0 0 0 0
 0 2 0 4 3 9 0 0 8
 0 0 8 5 0 6 9 0 0
 0 9 0 7 0 8 0 2 0
Assigned 1 to (9, 5):
 8 0 0 6 5 4 0 0 0
 0 4 0 2 7 1 8 0 9
 0 6 0 8 9 3 2 4 1
 0 5 0 9 0 7 1 0 0
 0 8 0 3 0 0 0 0 0
 0 0 0 1 0 0 0 0 0
 0 2 0 4 3 9 0 0 8
 0 0 8 5 0 6 9 0 0
 0 9 0 7 1 8 0 2 0
Assigned 2 to (8, 5):
 8 0 0 6 5 4 0 0 0
 0 4 0 2 7 1 8 0 9
 0 6 0 8 9 3 2 4 1
 0 5 0 9 0 7 1 0 0
 0 8 0 3 0 0 0 0 0
 0 0 0 1 0 0 0 0 0
 0 2 0 4 3 9 0 0 8
 0 0 8 5 2 6 9 0 0
 0 9 0 7 1 8 0 2 0
Assigned 4 to (5, 5):
 8 0 0 6 5 4 0 0 0
 0 4 0 2 7 1 8 0 9
 0 6 0 8 9 3 2 4 1
 0 5 0 9 0 7 1 0 0
 0 8 0 3 4 0 0 0 0
 0 0 0 1 0 0 0 0 0
 0 2 0 4 3 9 0 0 8
 0 0 8 5 2 6 9 0 0
 0 9 0 7 1 8 0 2 0
Assigned 8 to (4, 5):
 8 0 0 6 5 4 0 0 0
 0 4 0 2 7 1 8 0 9
 0 6 0 8 9 3 2 4 1
 0 5 0 9 8 7 1 0 0
 0 8 0 3 4 0 0 0 0
 0 0 0 1 0 0 0 0 0
 0 2 0 4 3 9 0 0 8
 0 0 8 5 2 6 9 0 0
 0 9 0 7 1 8 0 2 0
Assigned 6 to (6, 5):
 8 0 0 6 5 4 0 0 0
 0 4 0 2 7 1 8 0 9
 0 6 0 8 9 3 2 4 1
 0 5 0 9 8 7 1 0 0
 0 8 0 3 4 0 0 0 0
 0 0 0 1 6 0 0 0 0
 0 2 0 4 3 9 0 0 8
 0 0 8 5 2 6 9 0 0
 0 9 0 7 1 8 0 2 0
Assigned 2 to (5, 6):
 8 0 0 6 5 4 0 0 0
 0 4 0 2 7 1 8 0 9
 0 6 0 8 9 3 2 4 1
 0 5 0 9 8 7 1 0 0
 0 8 0 3 4 2 0 0 0
 0 0 0 1 6 0 0 0 0
 0 2 0 4 3 9 0 0 8
 0 0 8 5 2 6 9 0 0
 0 9 0 7 1 8 0 2 0
Assigned 5 to (6, 6):
 8 0 0 6 5 4 0 0 0
 0 4 0 2 7 1 8 0 9
 0 6 0 8 9 3 2 4 1
 0 5 0 9 8 7 1 0 0
 0 8 0 3 4 2 0 0 0
 0 0 0 1 6 5 0 0 0
 0 2 0 4 3 9 0 0 8
 0 0 8 5 2 6 9 0 0
 0 9 0 7 1 8 0 2 0
Assigned 7 to (1, 7):
 8 0 0 6 5 4 7 0 0
 0 4 0 2 7 1 8 0 9
 0 6 0 8 9 3 2 4 1
 0 5 0 9 8 7 1 0 0
 0 8 0 3 4 2 0 0 0
 0 0 0 1 6 5 0 0 0
 0 2 0 4 3 9 0 0 8
 0 0 8 5 2 6 9 0 0
 0 9 0 7 1 8 0 2 0
Assigned 3 to (1, 8):
 8 0 0 6 5 4 7 3 0
 0 4 0 2 7 1 8 0 9
 0 6 0 8 9 3 2 4 1
 0 5 0 9 8 7 1 0 0
 0 8 0 3 4 2 0 0 0
 0 0 0 1 6 5 0 0 0
 0 2 0 4 3 9 0 0 8
 0 0 8 5 2 6 9 0 0
 0 9 0 7 1 8 0 2 0
Backtracking...
Backtracking...
Assigned 3 to (1, 7):
 8 0 0 6 5 4 3 0 0
 0 4 0 2 7 1 8 0 9
 0 6 0 8 9 3 2 4 1
 0 5 0 9 8 7 1 0 0
 0 8 0 3 4 2 0 0 0
 0 0 0 1 6 5 0 0 0
 0 2 0 4 3 9 0 0 8
 0 0 8 5 2 6 9 0 0
 0 9 0 7 1 8 0 2 0
Assigned 7 to (1, 8):
 8 0 0 6 5 4 3 7 0
 0 4 0 2 7 1 8 0 9
 0 6 0 8 9 3 2 4 1
 0 5 0 9 8 7 1 0 0
 0 8 0 3 4 2 0 0 0
 0 0 0 1 6 5 0 0 0
 0 2 0 4 3 9 0 0 8
 0 0 8 5 2 6 9 0 0
 0 9 0 7 1 8 0 2 0
Backtracking...
Backtracking...
Backtracking...
Backtracking...
Assigned 5 to (5, 6):
 8 0 0 6 5 4 0 0 0
 0 4 0 2 7 1 8 0 9
 0 6 0 8 9 3 2 4 1
 0 5 0 9 8 7 1 0 0
 0 8 0 3 4 5 0 0 0
 0 0 0 1 6 0 0 0 0
 0 2 0 4 3 9 0 0 8
 0 0 8 5 2 6 9 0 0
 0 9 0 7 1 8 0 2 0
Assigned 2 to (6, 6):
 8 0 0 6 5 4 0 0 0
 0 4 0 2 7 1 8 0 9
 0 6 0 8 9 3 2 4 1
 0 5 0 9 8 7 1 0 0
 0 8 0 3 4 5 0 0 0
 0 0 0 1 6 2 0 0 0
 0 2 0 4 3 9 0 0 8
 0 0 8 5 2 6 9 0 0
 0 9 0 7 1 8 0 2 0
Assigned 7 to (1, 7):
 8 0 0 6 5 4 7 0 0
 0 4 0 2 7 1 8 0 9
 0 6 0 8 9 3 2 4 1
 0 5 0 9 8 7 1 0 0
 0 8 0 3 4 5 0 0 0
 0 0 0 1 6 2 0 0 0
 0 2 0 4 3 9 0 0 8
 0 0 8 5 2 6 9 0 0
 0 9 0 7 1 8 0 2 0
Assigned 3 to (1, 8):
 8 0 0 6 5 4 7 3 0
 0 4 0 2 7 1 8 0 9
 0 6 0 8 9 3 2 4 1
 0 5 0 9 8 7 1 0 0
 0 8 0 3 4 5 0 0 0
 0 0 0 1 6 2 0 0 0
 0 2 0 4 3 9 0 0 8
 0 0 8 5 2 6 9 0 0
 0 9 0 7 1 8 0 2 0
Backtracking...
Backtracking...
Assigned 3 to (1, 7):
 8 0 0 6 5 4 3 0 0
 0 4 0 2 7 1 8 0 9
 0 6 0 8 9 3 2 4 1
 0 5 0 9 8 7 1 0 0
 0 8 0 3 4 5 0 0 0
 0 0 0 1 6 2 0 0 0
 0 2 0 4 3 9 0 0 8
 0 0 8 5 2 6 9 0 0
 0 9 0 7 1 8 0 2 0
Assigned 7 to (1, 8):
 8 0 0 6 5 4 3 7 0
 0 4 0 2 7 1 8 0 9
 0 6 0 8 9 3 2 4 1
 0 5 0 9 8 7 1 0 0
 0 8 0 3 4 5 0 0 0
 0 0 0 1 6 2 0 0 0
 0 2 0 4 3 9 0 0 8
 0 0 8 5 2 6 9 0 0
 0 9 0 7 1 8 0 2 0
Backtracking...
Backtracking...
Backtracking...
Backtracking...
Backtracking...
Backtracking...
Assigned 6 to (4, 5):
 8 0 0 6 5 4 0 0 0
 0 4 0 2 7 1 8 0 9
 0 6 0 8 9 3 2 4 1
 0 5 0 9 6 7 1 0 0
 0 8 0 3 4 0 0 0 0
 0 0 0 1 0 0 0 0 0
 0 2 0 4 3 9 0 0 8
 0 0 8 5 2 6 9 0 0
 0 9 0 7 1 8 0 2 0
Assigned 8 to (6, 5):
 8 0 0 6 5 4 0 0 0
 0 4 0 2 7 1 8 0 9
 0 6 0 8 9 3 2 4 1
 0 5 0 9 6 7 1 0 0
 0 8 0 3 4 0 0 0 0
 0 0 0 1 8 0 0 0 0
 0 2 0 4 3 9 0 0 8
 0 0 8 5 2 6 9 0 0
 0 9 0 7 1 8 0 2 0
Assigned 2 to (5, 6):
 8 0 0 6 5 4 0 0 0
 0 4 0 2 7 1 8 0 9
 0 6 0 8 9 3 2 4 1
 0 5 0 9 6 7 1 0 0
 0 8 0 3 4 2 0 0 0
 0 0 0 1 8 0 0 0 0
 0 2 0 4 3 9 0 0 8
 0 0 8 5 2 6 9 0 0
 0 9 0 7 1 8 0 2 0
Assigned 5 to (6, 6):
 8 0 0 6 5 4 0 0 0
 0 4 0 2 7 1 8 0 9
 0 6 0 8 9 3 2 4 1
 0 5 0 9 6 7 1 0 0
 0 8 0 3 4 2 0 0 0
 0 0 0 1 8 5 0 0 0
 0 2 0 4 3 9 0 0 8
 0 0 8 5 2 6 9 0 0
 0 9 0 7 1 8 0 2 0
Assigned 7 to (1, 7):
 8 0 0 6 5 4 7 0 0
 0 4 0 2 7 1 8 0 9
 0 6 0 8 9 3 2 4 1
 0 5 0 9 6 7 1 0 0
 0 8 0 3 4 2 0 0 0
 0 0 0 1 8 5 0 0 0
 0 2 0 4 3 9 0 0 8
 0 0 8 5 2 6 9 0 0
 0 9 0 7 1 8 0 2 0
Assigned 3 to (1, 8):
 8 0 0 6 5 4 7 3 0
 0 4 0 2 7 1 8 0 9
 0 6 0 8 9 3 2 4 1
 0 5 0 9 6 7 1 0 0
 0 8 0 3 4 2 0 0 0
 0 0 0 1 8 5 0 0 0
 0 2 0 4 3 9 0 0 8
 0 0 8 5 2 6 9 0 0
 0 9 0 7 1 8 0 2 0
Backtracking...
Backtracking...
Assigned 3 to (1, 7):
 8 0 0 6 5 4 3 0 0
 0 4 0 2 7 1 8 0 9
 0 6 0 8 9 3 2 4 1
 0 5 0 9 6 7 1 0 0
 0 8 0 3 4 2 0 0 0
 0 0 0 1 8 5 0 0 0
 0 2 0 4 3 9 0 0 8
 0 0 8 5 2 6 9 0 0
 0 9 0 7 1 8 0 2 0
Assigned 7 to (1, 8):
 8 0 0 6 5 4 3 7 0
 0 4 0 2 7 1 8 0 9
 0 6 0 8 9 3 2 4 1
 0 5 0 9 6 7 1 0 0
 0 8 0 3 4 2 0 0 0
 0 0 0 1 8 5 0 0 0
 0 2 0 4 3 9 0 0 8
 0 0 8 5 2 6 9 0 0
 0 9 0 7 1 8 0 2 0
Backtracking...
Backtracking...
Backtracking...
Backtracking...
Assigned 5 to (5, 6):
 8 0 0 6 5 4 0 0 0
 0 4 0 2 7 1 8 0 9
 0 6 0 8 9 3 2 4 1
 0 5 0 9 6 7 1 0 0
 0 8 0 3 4 5 0 0 0
 0 0 0 1 8 0 0 0 0
 0 2 0 4 3 9 0 0 8
 0 0 8 5 2 6 9 0 0
 0 9 0 7 1 8 0 2 0
Assigned 2 to (6, 6):
 8 0 0 6 5 4 0 0 0
 0 4 0 2 7 1 8 0 9
 0 6 0 8 9 3 2 4 1
 0 5 0 9 6 7 1 0 0
 0 8 0 3 4 5 0 0 0
 0 0 0 1 8 2 0 0 0
 0 2 0 4 3 9 0 0 8
 0 0 8 5 2 6 9 0 0
 0 9 0 7 1 8 0 2 0
Assigned 7 to (1, 7):
 8 0 0 6 5 4 7 0 0
 0 4 0 2 7 1 8 0 9
 0 6 0 8 9 3 2 4 1
 0 5 0 9 6 7 1 0 0
 0 8 0 3 4 5 0 0 0
 0 0 0 1 8 2 0 0 0
 0 2 0 4 3 9 0 0 8
 0 0 8 5 2 6 9 0 0
 0 9 0 7 1 8 0 2 0
Assigned 3 to (1, 8):
 8 0 0 6 5 4 7 3 0
 0 4 0 2 7 1 8 0 9
 0 6 0 8 9 3 2 4 1
 0 5 0 9 6 7 1 0 0
 0 8 0 3 4 5 0 0 0
 0 0 0 1 8 2 0 0 0
 0 2 0 4 3 9 0 0 8
 0 0 8 5 2 6 9 0 0
 0 9 0 7 1 8 0 2 0
Backtracking...
Backtracking...
Assigned 3 to (1, 7):
 8 0 0 6 5 4 3 0 0
 0 4 0 2 7 1 8 0 9
 0 6 0 8 9 3 2 4 1
 0 5 0 9 6 7 1 0 0
 0 8 0 3 4 5 0 0 0
 0 0 0 1 8 2 0 0 0
 0 2 0 4 3 9 0 0 8
 0 0 8 5 2 6 9 0 0
 0 9 0 7 1 8 0 2 0
Assigned 7 to (1, 8):
 8 0 0 6 5 4 3 7 0
 0 4 0 2 7 1 8 0 9
 0 6 0 8 9 3 2 4 1
 0 5 0 9 6 7 1 0 0
 0 8 0 3 4 5 0 0 0
 0 0 0 1 8 2 0 0 0
 0 2 0 4 3 9 0 0 8
 0 0 8 5 2 6 9 0 0
 0 9 0 7 1 8 0 2 0
Backtracking...
Backtracking...
Backtracking...
Backtracking...
Backtracking...
Backtracking...
Backtracking...
Assigned 6 to (5, 5):
 8 0 0 6 5 4 0 0 0
 0 4 0 2 7 1 8 0 9
 0 6 0 8 9 3 2 4 1
 0 5 0 9 0 7 1 0 0
 0 8 0 3 6 0 0 0 0
 0 0 0 1 0 0 0 0 0
 0 2 0 4 3 9 0 0 8
 0 0 8 5 2 6 9 0 0
 0 9 0 7 1 8 0 2 0
Assigned 8 to (4, 5):
 8 0 0 6 5 4 0 0 0
 0 4 0 2 7 1 8 0 9
 0 6 0 8 9 3 2 4 1
 0 5 0 9 8 7 1 0 0
 0 8 0 3 6 0 0 0 0
 0 0 0 1 0 0 0 0 0
 0 2 0 4 3 9 0 0 8
 0 0 8 5 2 6 9 0 0
 0 9 0 7 1 8 0 2 0
Assigned 4 to (6, 5):
 8 0 0 6 5 4 0 0 0
 0 4 0 2 7 1 8 0 9
 0 6 0 8 9 3 2 4 1
 0 5 0 9 8 7 1 0 0
 0 8 0 3 6 0 0 0 0
 0 0 0 1 4 0 0 0 0
 0 2 0 4 3 9 0 0 8
 0 0 8 5 2 6 9 0 0
 0 9 0 7 1 8 0 2 0
Assigned 2 to (5, 6):
 8 0 0 6 5 4 0 0 0
 0 4 0 2 7 1 8 0 9
 0 6 0 8 9 3 2 4 1
 0 5 0 9 8 7 1 0 0
 0 8 0 3 6 2 0 0 0
 0 0 0 1 4 0 0 0 0
 0 2 0 4 3 9 0 0 8
 0 0 8 5 2 6 9 0 0
 0 9 0 7 1 8 0 2 0
Assigned 5 to (6, 6):
 8 0 0 6 5 4 0 0 0
 0 4 0 2 7 1 8 0 9
 0 6 0 8 9 3 2 4 1
 0 5 0 9 8 7 1 0 0
 0 8 0 3 6 2 0 0 0
 0 0 0 1 4 5 0 0 0
 0 2 0 4 3 9 0 0 8
 0 0 8 5 2 6 9 0 0
 0 9 0 7 1 8 0 2 0
Assigned 7 to (1, 7):
 8 0 0 6 5 4 7 0 0
 0 4 0 2 7 1 8 0 9
 0 6 0 8 9 3 2 4 1
 0 5 0 9 8 7 1 0 0
 0 8 0 3 6 2 0 0 0
 0 0 0 1 4 5 0 0 0
 0 2 0 4 3 9 0 0 8
 0 0 8 5 2 6 9 0 0
 0 9 0 7 1 8 0 2 0
Assigned 3 to (1, 8):
 8 0 0 6 5 4 7 3 0
 0 4 0 2 7 1 8 0 9
 0 6 0 8 9 3 2 4 1
 0 5 0 9 8 7 1 0 0
 0 8 0 3 6 2 0 0 0
 0 0 0 1 4 5 0 0 0
 0 2 0 4 3 9 0 0 8
 0 0 8 5 2 6 9 0 0
 0 9 0 7 1 8 0 2 0
Backtracking...
Backtracking...
Assigned 3 to (1, 7):
 8 0 0 6 5 4 3 0 0
 0 4 0 2 7 1 8 0 9
 0 6 0 8 9 3 2 4 1
 0 5 0 9 8 7 1 0 0
 0 8 0 3 6 2 0 0 0
 0 0 0 1 4 5 0 0 0
 0 2 0 4 3 9 0 0 8
 0 0 8 5 2 6 9 0 0
 0 9 0 7 1 8 0 2 0
Assigned 7 to (1, 8):
 8 0 0 6 5 4 3 7 0
 0 4 0 2 7 1 8 0 9
 0 6 0 8 9 3 2 4 1
 0 5 0 9 8 7 1 0 0
 0 8 0 3 6 2 0 0 0
 0 0 0 1 4 5 0 0 0
 0 2 0 4 3 9 0 0 8
 0 0 8 5 2 6 9 0 0
 0 9 0 7 1 8 0 2 0
Backtracking...
Backtracking...
Backtracking...
Backtracking...
Assigned 5 to (5, 6):
 8 0 0 6 5 4 0 0 0
 0 4 0 2 7 1 8 0 9
 0 6 0 8 9 3 2 4 1
 0 5 0 9 8 7 1 0 0
 0 8 0 3 6 5 0 0 0
 0 0 0 1 4 0 0 0 0
 0 2 0 4 3 9 0 0 8
 0 0 8 5 2 6 9 0 0
 0 9 0 7 1 8 0 2 0
Assigned 2 to (6, 6):
 8 0 0 6 5 4 0 0 0
 0 4 0 2 7 1 8 0 9
 0 6 0 8 9 3 2 4 1
 0 5 0 9 8 7 1 0 0
 0 8 0 3 6 5 0 0 0
 0 0 0 1 4 2 0 0 0
 0 2 0 4 3 9 0 0 8
 0 0 8 5 2 6 9 0 0
 0 9 0 7 1 8 0 2 0
Assigned 7 to (1, 7):
 8 0 0 6 5 4 7 0 0
 0 4 0 2 7 1 8 0 9
 0 6 0 8 9 3 2 4 1
 0 5 0 9 8 7 1 0 0
 0 8 0 3 6 5 0 0 0
 0 0 0 1 4 2 0 0 0
 0 2 0 4 3 9 0 0 8
 0 0 8 5 2 6 9 0 0
 0 9 0 7 1 8 0 2 0
Assigned 3 to (1, 8):
 8 0 0 6 5 4 7 3 0
 0 4 0 2 7 1 8 0 9
 0 6 0 8 9 3 2 4 1
 0 5 0 9 8 7 1 0 0
 0 8 0 3 6 5 0 0 0
 0 0 0 1 4 2 0 0 0
 0 2 0 4 3 9 0 0 8
 0 0 8 5 2 6 9 0 0
 0 9 0 7 1 8 0 2 0
Backtracking...
Backtracking...
Assigned 3 to (1, 7):
 8 0 0 6 5 4 3 0 0
 0 4 0 2 7 1 8 0 9
 0 6 0 8 9 3 2 4 1
 0 5 0 9 8 7 1 0 0
 0 8 0 3 6 5 0 0 0
 0 0 0 1 4 2 0 0 0
 0 2 0 4 3 9 0 0 8
 0 0 8 5 2 6 9 0 0
 0 9 0 7 1 8 0 2 0
Assigned 7 to (1, 8):
 8 0 0 6 5 4 3 7 0
 0 4 0 2 7 1 8 0 9
 0 6 0 8 9 3 2 4 1
 0 5 0 9 8 7 1 0 0
 0 8 0 3 6 5 0 0 0
 0 0 0 1 4 2 0 0 0
 0 2 0 4 3 9 0 0 8
 0 0 8 5 2 6 9 0 0
 0 9 0 7 1 8 0 2 0
Backtracking...
Backtracking...
Backtracking...
Backtracking...
Backtracking...
Backtracking...
Assigned 4 to (4, 5):
 8 0 0 6 5 4 0 0 0
 0 4 0 2 7 1 8 0 9
 0 6 0 8 9 3 2 4 1
 0 5 0 9 4 7 1 0 0
 0 8 0 3 6 0 0 0 0
 0 0 0 1 0 0 0 0 0
 0 2 0 4 3 9 0 0 8
 0 0 8 5 2 6 9 0 0
 0 9 0 7 1 8 0 2 0
Assigned 8 to (6, 5):
 8 0 0 6 5 4 0 0 0
 0 4 0 2 7 1 8 0 9
 0 6 0 8 9 3 2 4 1
 0 5 0 9 4 7 1 0 0
 0 8 0 3 6 0 0 0 0
 0 0 0 1 8 0 0 0 0
 0 2 0 4 3 9 0 0 8
 0 0 8 5 2 6 9 0 0
 0 9 0 7 1 8 0 2 0
Assigned 2 to (5, 6):
 8 0 0 6 5 4 0 0 0
 0 4 0 2 7 1 8 0 9
 0 6 0 8 9 3 2 4 1
 0 5 0 9 4 7 1 0 0
 0 8 0 3 6 2 0 0 0
 0 0 0 1 8 0 0 0 0
 0 2 0 4 3 9 0 0 8
 0 0 8 5 2 6 9 0 0
 0 9 0 7 1 8 0 2 0
Assigned 5 to (6, 6):
 8 0 0 6 5 4 0 0 0
 0 4 0 2 7 1 8 0 9
 0 6 0 8 9 3 2 4 1
 0 5 0 9 4 7 1 0 0
 0 8 0 3 6 2 0 0 0
 0 0 0 1 8 5 0 0 0
 0 2 0 4 3 9 0 0 8
 0 0 8 5 2 6 9 0 0
 0 9 0 7 1 8 0 2 0
Assigned 7 to (1, 7):
 8 0 0 6 5 4 7 0 0
 0 4 0 2 7 1 8 0 9
 0 6 0 8 9 3 2 4 1
 0 5 0 9 4 7 1 0 0
 0 8 0 3 6 2 0 0 0
 0 0 0 1 8 5 0 0 0
 0 2 0 4 3 9 0 0 8
 0 0 8 5 2 6 9 0 0
 0 9 0 7 1 8 0 2 0
Assigned 3 to (1, 8):
 8 0 0 6 5 4 7 3 0
 0 4 0 2 7 1 8 0 9
 0 6 0 8 9 3 2 4 1
 0 5 0 9 4 7 1 0 0
 0 8 0 3 6 2 0 0 0
 0 0 0 1 8 5 0 0 0
 0 2 0 4 3 9 0 0 8
 0 0 8 5 2 6 9 0 0
 0 9 0 7 1 8 0 2 0
Backtracking...
Backtracking...
Assigned 3 to (1, 7):
 8 0 0 6 5 4 3 0 0
 0 4 0 2 7 1 8 0 9
 0 6 0 8 9 3 2 4 1
 0 5 0 9 4 7 1 0 0
 0 8 0 3 6 2 0 0 0
 0 0 0 1 8 5 0 0 0
 0 2 0 4 3 9 0 0 8
 0 0 8 5 2 6 9 0 0
 0 9 0 7 1 8 0 2 0
Assigned 7 to (1, 8):
 8 0 0 6 5 4 3 7 0
 0 4 0 2 7 1 8 0 9
 0 6 0 8 9 3 2 4 1
 0 5 0 9 4 7 1 0 0
 0 8 0 3 6 2 0 0 0
 0 0 0 1 8 5 0 0 0
 0 2 0 4 3 9 0 0 8
 0 0 8 5 2 6 9 0 0
 0 9 0 7 1 8 0 2 0
Backtracking...
Backtracking...
Backtracking...
Backtracking...
Assigned 5 to (5, 6):
 8 0 0 6 5 4 0 0 0
 0 4 0 2 7 1 8 0 9
 0 6 0 8 9 3 2 4 1
 0 5 0 9 4 7 1 0 0
 0 8 0 3 6 5 0 0 0
 0 0 0 1 8 0 0 0 0
 0 2 0 4 3 9 0 0 8
 0 0 8 5 2 6 9 0 0
 0 9 0 7 1 8 0 2 0
Assigned 2 to (6, 6):
 8 0 0 6 5 4 0 0 0
 0 4 0 2 7 1 8 0 9
 0 6 0 8 9 3 2 4 1
 0 5 0 9 4 7 1 0 0
 0 8 0 3 6 5 0 0 0
 0 0 0 1 8 2 0 0 0
 0 2 0 4 3 9 0 0 8
 0 0 8 5 2 6 9 0 0
 0 9 0 7 1 8 0 2 0
Assigned 7 to (1, 7):
 8 0 0 6 5 4 7 0 0
 0 4 0 2 7 1 8 0 9
 0 6 0 8 9 3 2 4 1
 0 5 0 9 4 7 1 0 0
 0 8 0 3 6 5 0 0 0
 0 0 0 1 8 2 0 0 0
 0 2 0 4 3 9 0 0 8
 0 0 8 5 2 6 9 0 0
 0 9 0 7 1 8 0 2 0
Assigned 3 to (1, 8):
 8 0 0 6 5 4 7 3 0
 0 4 0 2 7 1 8 0 9
 0 6 0 8 9 3 2 4 1
 0 5 0 9 4 7 1 0 0
 0 8 0 3 6 5 0 0 0
 0 0 0 1 8 2 0 0 0
 0 2 0 4 3 9 0 0 8
 0 0 8 5 2 6 9 0 0
 0 9 0 7 1 8 0 2 0
Backtracking...
Backtracking...
Assigned 3 to (1, 7):
 8 0 0 6 5 4 3 0 0
 0 4 0 2 7 1 8 0 9
 0 6 0 8 9 3 2 4 1
 0 5 0 9 4 7 1 0 0
 0 8 0 3 6 5 0 0 0
 0 0 0 1 8 2 0 0 0
 0 2 0 4 3 9 0 0 8
 0 0 8 5 2 6 9 0 0
 0 9 0 7 1 8 0 2 0
Assigned 7 to (1, 8):
 8 0 0 6 5 4 3 7 0
 0 4 0 2 7 1 8 0 9
 0 6 0 8 9 3 2 4 1
 0 5 0 9 4 7 1 0 0
 0 8 0 3 6 5 0 0 0
 0 0 0 1 8 2 0 0 0
 0 2 0 4 3 9 0 0 8
 0 0 8 5 2 6 9 0 0
 0 9 0 7 1 8 0 2 0
Backtracking...
Backtracking...
Backtracking...
Backtracking...
Backtracking...
Backtracking...
Backtracking...
Backtracking...
Backtracking...
Backtracking...
Backtracking...
Backtracking...
Backtracking...
Backtracking...
Assigned 6 to (2, 4):
 8 0 0 0 5 0 0 0 0
 0 4 0 6 7 1 8 0 9
 0 0 0 8 9 3 2 4 1
 0 5 0 9 0 7 1 0 0
 0 8 0 3 0 0 0 0 0
 0 0 0 1 0 0 0 0 0
 0 2 0 4 0 9 0 0 8
 0 0 8 5 0 6 9 0 0
 0 9 0 7 0 8 0 2 0
Assigned 2 to (1, 4):
 8 0 0 2 5 0 0 0 0
 0 4 0 6 7 1 8 0 9
 0 0 0 8 9 3 2 4 1
 0 5 0 9 0 7 1 0 0
 0 8 0 3 0 0 0 0 0
 0 0 0 1 0 0 0 0 0
 0 2 0 4 0 9 0 0 8
 0 0 8 5 0 6 9 0 0
 0 9 0 7 0 8 0 2 0
Assigned 4 to (1, 6):
 8 0 0 2 5 4 0 0 0
 0 4 0 6 7 1 8 0 9
 0 0 0 8 9 3 2 4 1
 0 5 0 9 0 7 1 0 0
 0 8 0 3 0 0 0 0 0
 0 0 0 1 0 0 0 0 0
 0 2 0 4 0 9 0 0 8
 0 0 8 5 0 6 9 0 0
 0 9 0 7 0 8 0 2 0
Assigned 7 to (3, 2):
 8 0 0 2 5 4 0 0 0
 0 4 0 6 7 1 8 0 9
 0 7 0 8 9 3 2 4 1
 0 5 0 9 0 7 1 0 0
 0 8 0 3 0 0 0 0 0
 0 0 0 1 0 0 0 0 0
 0 2 0 4 0 9 0 0 8
 0 0 8 5 0 6 9 0 0
 0 9 0 7 0 8 0 2 0
Assigned 1 to (7, 5):
 8 0 0 2 5 4 0 0 0
 0 4 0 6 7 1 8 0 9
 0 7 0 8 9 3 2 4 1
 0 5 0 9 0 7 1 0 0
 0 8 0 3 0 0 0 0 0
 0 0 0 1 0 0 0 0 0
 0 2 0 4 1 9 0 0 8
 0 0 8 5 0 6 9 0 0
 0 9 0 7 0 8 0 2 0
Assigned 3 to (9, 5):
 8 0 0 2 5 4 0 0 0
 0 4 0 6 7 1 8 0 9
 0 7 0 8 9 3 2 4 1
 0 5 0 9 0 7 1 0 0
 0 8 0 3 0 0 0 0 0
 0 0 0 1 0 0 0 0 0
 0 2 0 4 1 9 0 0 8
 0 0 8 5 0 6 9 0 0
 0 9 0 7 3 8 0 2 0
Assigned 2 to (8, 5):
 8 0 0 2 5 4 0 0 0
 0 4 0 6 7 1 8 0 9
 0 7 0 8 9 3 2 4 1
 0 5 0 9 0 7 1 0 0
 0 8 0 3 0 0 0 0 0
 0 0 0 1 0 0 0 0 0
 0 2 0 4 1 9 0 0 8
 0 0 8 5 2 6 9 0 0
 0 9 0 7 3 8 0 2 0
Assigned 1 to (8, 2):
 8 0 0 2 5 4 0 0 0
 0 4 0 6 7 1 8 0 9
 0 7 0 8 9 3 2 4 1
 0 5 0 9 0 7 1 0 0
 0 8 0 3 0 0 0 0 0
 0 0 0 1 0 0 0 0 0
 0 2 0 4 1 9 0 0 8
 0 1 8 5 2 6 9 0 0
 0 9 0 7 3 8 0 2 0
Assigned 4 to (5, 5):
 8 0 0 2 5 4 0 0 0
 0 4 0 6 7 1 8 0 9
 0 7 0 8 9 3 2 4 1
 0 5 0 9 0 7 1 0 0
 0 8 0 3 4 0 0 0 0
 0 0 0 1 0 0 0 0 0
 0 2 0 4 1 9 0 0 8
 0 1 8 5 2 6 9 0 0
 0 9 0 7 3 8 0 2 0
Assigned 8 to (4, 5):
 8 0 0 2 5 4 0 0 0
 0 4 0 6 7 1 8 0 9
 0 7 0 8 9 3 2 4 1
 0 5 0 9 8 7 1 0 0
 0 8 0 3 4 0 0 0 0
 0 0 0 1 0 0 0 0 0
 0 2 0 4 1 9 0 0 8
 0 1 8 5 2 6 9 0 0
 0 9 0 7 3 8 0 2 0
Assigned 6 to (6, 5):
 8 0 0 2 5 4 0 0 0
 0 4 0 6 7 1 8 0 9
 0 7 0 8 9 3 2 4 1
 0 5 0 9 8 7 1 0 0
 0 8 0 3 4 0 0 0 0
 0 0 0 1 6 0 0 0 0
 0 2 0 4 1 9 0 0 8
 0 1 8 5 2 6 9 0 0
 0 9 0 7 3 8 0 2 0
Assigned 3 to (6, 2):
 8 0 0 2 5 4 0 0 0
 0 4 0 6 7 1 8 0 9
 0 7 0 8 9 3 2 4 1
 0 5 0 9 8 7 1 0 0
 0 8 0 3 4 0 0 0 0
 0 3 0 1 6 0 0 0 0
 0 2 0 4 1 9 0 0 8
 0 1 8 5 2 6 9 0 0
 0 9 0 7 3 8 0 2 0
Assigned 6 to (1, 2):
 8 6 0 2 5 4 0 0 0
 0 4 0 6 7 1 8 0 9
 0 7 0 8 9 3 2 4 1
 0 5 0 9 8 7 1 0 0
 0 8 0 3 4 0 0 0 0
 0 3 0 1 6 0 0 0 0
 0 2 0 4 1 9 0 0 8
 0 1 8 5 2 6 9 0 0
 0 9 0 7 3 8 0 2 0
Assigned 5 to (3, 3):
 8 6 0 2 5 4 0 0 0
 0 4 0 6 7 1 8 0 9
 0 7 5 8 9 3 2 4 1
 0 5 0 9 8 7 1 0 0
 0 8 0 3 4 0 0 0 0
 0 3 0 1 6 0 0 0 0
 0 2 0 4 1 9 0 0 8
 0 1 8 5 2 6 9 0 0
 0 9 0 7 3 8 0 2 0
Backtracking...
Backtracking...
Backtracking...
Backtracking...
Backtracking...
Assigned 6 to (4, 5):
 8 0 0 2 5 4 0 0 0
 0 4 0 6 7 1 8 0 9
 0 7 0 8 9 3 2 4 1
 0 5 0 9 6 7 1 0 0
 0 8 0 3 4 0 0 0 0
 0 0 0 1 0 0 0 0 0
 0 2 0 4 1 9 0 0 8
 0 1 8 5 2 6 9 0 0
 0 9 0 7 3 8 0 2 0
Assigned 8 to (6, 5):
 8 0 0 2 5 4 0 0 0
 0 4 0 6 7 1 8 0 9
 0 7 0 8 9 3 2 4 1
 0 5 0 9 6 7 1 0 0
 0 8 0 3 4 0 0 0 0
 0 0 0 1 8 0 0 0 0
 0 2 0 4 1 9 0 0 8
 0 1 8 5 2 6 9 0 0
 0 9 0 7 3 8 0 2 0
Assigned 2 to (5, 6):
 8 0 0 2 5 4 0 0 0
 0 4 0 6 7 1 8 0 9
 0 7 0 8 9 3 2 4 1
 0 5 0 9 6 7 1 0 0
 0 8 0 3 4 2 0 0 0
 0 0 0 1 8 0 0 0 0
 0 2 0 4 1 9 0 0 8
 0 1 8 5 2 6 9 0 0
 0 9 0 7 3 8 0 2 0
Assigned 5 to (6, 6):
 8 0 0 2 5 4 0 0 0
 0 4 0 6 7 1 8 0 9
 0 7 0 8 9 3 2 4 1
 0 5 0 9 6 7 1 0 0
 0 8 0 3 4 2 0 0 0
 0 0 0 1 8 5 0 0 0
 0 2 0 4 1 9 0 0 8
 0 1 8 5 2 6 9 0 0
 0 9 0 7 3 8 0 2 0
Assigned 3 to (1, 2):
 8 3 0 2 5 4 0 0 0
 0 4 0 6 7 1 8 0 9
 0 7 0 8 9 3 2 4 1
 0 5 0 9 6 7 1 0 0
 0 8 0 3 4 2 0 0 0
 0 0 0 1 8 5 0 0 0
 0 2 0 4 1 9 0 0 8
 0 1 8 5 2 6 9 0 0
 0 9 0 7 3 8 0 2 0
Assigned 6 to (6, 2):
 8 3 0 2 5 4 0 0 0
 0 4 0 6 7 1 8 0 9
 0 7 0 8 9 3 2 4 1
 0 5 0 9 6 7 1 0 0
 0 8 0 3 4 2 0 0 0
 0 6 0 1 8 5 0 0 0
 0 2 0 4 1 9 0 0 8
 0 1 8 5 2 6 9 0 0
 0 9 0 7 3 8 0 2 0
Assigned 6 to (1, 7):
 8 3 0 2 5 4 6 0 0
 0 4 0 6 7 1 8 0 9
 0 7 0 8 9 3 2 4 1
 0 5 0 9 6 7 1 0 0
 0 8 0 3 4 2 0 0 0
 0 6 0 1 8 5 0 0 0
 0 2 0 4 1 9 0 0 8
 0 1 8 5 2 6 9 0 0
 0 9 0 7 3 8 0 2 0
Assigned 7 to (1, 9):
 8 3 0 2 5 4 6 0 7
 0 4 0 6 7 1 8 0 9
 0 7 0 8 9 3 2 4 1
 0 5 0 9 6 7 1 0 0
 0 8 0 3 4 2 0 0 0
 0 6 0 1 8 5 0 0 0
 0 2 0 4 1 9 0 0 8
 0 1 8 5 2 6 9 0 0
 0 9 0 7 3 8 0 2 0
Backtracking...
Backtracking...
Assigned 7 to (1, 7):
 8 3 0 2 5 4 7 0 0
 0 4 0 6 7 1 8 0 9
 0 7 0 8 9 3 2 4 1
 0 5 0 9 6 7 1 0 0
 0 8 0 3 4 2 0 0 0
 0 6 0 1 8 5 0 0 0
 0 2 0 4 1 9 0 0 8
 0 1 8 5 2 6 9 0 0
 0 9 0 7 3 8 0 2 0
Assigned 6 to (1, 9):
 8 3 0 2 5 4 7 0 6
 0 4 0 6 7 1 8 0 9
 0 7 0 8 9 3 2 4 1
 0 5 0 9 6 7 1 0 0
 0 8 0 3 4 2 0 0 0
 0 6 0 1 8 5 0 0 0
 0 2 0 4 1 9 0 0 8
 0 1 8 5 2 6 9 0 0
 0 9 0 7 3 8 0 2 0
Backtracking...
Backtracking...
Backtracking...
Backtracking...
Assigned 6 to (1, 2):
 8 6 0 2 5 4 0 0 0
 0 4 0 6 7 1 8 0 9
 0 7 0 8 9 3 2 4 1
 0 5 0 9 6 7 1 0 0
 0 8 0 3 4 2 0 0 0
 0 0 0 1 8 5 0 0 0
 0 2 0 4 1 9 0 0 8
 0 1 8 5 2 6 9 0 0
 0 9 0 7 3 8 0 2 0
Assigned 5 to (3, 3):
 8 6 0 2 5 4 0 0 0
 0 4 0 6 7 1 8 0 9
 0 7 5 8 9 3 2 4 1
 0 5 0 9 6 7 1 0 0
 0 8 0 3 4 2 0 0 0
 0 0 0 1 8 5 0 0 0
 0 2 0 4 1 9 0 0 8
 0 1 8 5 2 6 9 0 0
 0 9 0 7 3 8 0 2 0
Backtracking...
Backtracking...
Backtracking...
Backtracking...
Assigned 5 to (5, 6):
 8 0 0 2 5 4 0 0 0
 0 4 0 6 7 1 8 0 9
 0 7 0 8 9 3 2 4 1
 0 5 0 9 6 7 1 0 0
 0 8 0 3 4 5 0 0 0
 0 0 0 1 8 0 0 0 0
 0 2 0 4 1 9 0 0 8
 0 1 8 5 2 6 9 0 0
 0 9 0 7 3 8 0 2 0
Assigned 2 to (6, 6):
 8 0 0 2 5 4 0 0 0
 0 4 0 6 7 1 8 0 9
 0 7 0 8 9 3 2 4 1
 0 5 0 9 6 7 1 0 0
 0 8 0 3 4 5 0 0 0
 0 0 0 1 8 2 0 0 0
 0 2 0 4 1 9 0 0 8
 0 1 8 5 2 6 9 0 0
 0 9 0 7 3 8 0 2 0
Assigned 3 to (1, 2):
 8 3 0 2 5 4 0 0 0
 0 4 0 6 7 1 8 0 9
 0 7 0 8 9 3 2 4 1
 0 5 0 9 6 7 1 0 0
 0 8 0 3 4 5 0 0 0
 0 0 0 1 8 2 0 0 0
 0 2 0 4 1 9 0 0 8
 0 1 8 5 2 6 9 0 0
 0 9 0 7 3 8 0 2 0
Assigned 6 to (6, 2):
 8 3 0 2 5 4 0 0 0
 0 4 0 6 7 1 8 0 9
 0 7 0 8 9 3 2 4 1
 0 5 0 9 6 7 1 0 0
 0 8 0 3 4 5 0 0 0
 0 6 0 1 8 2 0 0 0
 0 2 0 4 1 9 0 0 8
 0 1 8 5 2 6 9 0 0
 0 9 0 7 3 8 0 2 0
Assigned 6 to (1, 7):
 8 3 0 2 5 4 6 0 0
 0 4 0 6 7 1 8 0 9
 0 7 0 8 9 3 2 4 1
 0 5 0 9 6 7 1 0 0
 0 8 0 3 4 5 0 0 0
 0 6 0 1 8 2 0 0 0
 0 2 0 4 1 9 0 0 8
 0 1 8 5 2 6 9 0 0
 0 9 0 7 3 8 0 2 0
Assigned 7 to (1, 9):
 8 3 0 2 5 4 6 0 7
 0 4 0 6 7 1 8 0 9
 0 7 0 8 9 3 2 4 1
 0 5 0 9 6 7 1 0 0
 0 8 0 3 4 5 0 0 0
 0 6 0 1 8 2 0 0 0
 0 2 0 4 1 9 0 0 8
 0 1 8 5 2 6 9 0 0
 0 9 0 7 3 8 0 2 0
Backtracking...
Backtracking...
Assigned 7 to (1, 7):
 8 3 0 2 5 4 7 0 0
 0 4 0 6 7 1 8 0 9
 0 7 0 8 9 3 2 4 1
 0 5 0 9 6 7 1 0 0
 0 8 0 3 4 5 0 0 0
 0 6 0 1 8 2 0 0 0
 0 2 0 4 1 9 0 0 8
 0 1 8 5 2 6 9 0 0
 0 9 0 7 3 8 0 2 0
Assigned 6 to (1, 9):
 8 3 0 2 5 4 7 0 6
 0 4 0 6 7 1 8 0 9
 0 7 0 8 9 3 2 4 1
 0 5 0 9 6 7 1 0 0
 0 8 0 3 4 5 0 0 0
 0 6 0 1 8 2 0 0 0
 0 2 0 4 1 9 0 0 8
 0 1 8 5 2 6 9 0 0
 0 9 0 7 3 8 0 2 0
Backtracking...
Backtracking...
Backtracking...
Backtracking...
Assigned 6 to (1, 2):
 8 6 0 2 5 4 0 0 0
 0 4 0 6 7 1 8 0 9
 0 7 0 8 9 3 2 4 1
 0 5 0 9 6 7 1 0 0
 0 8 0 3 4 5 0 0 0
 0 0 0 1 8 2 0 0 0
 0 2 0 4 1 9 0 0 8
 0 1 8 5 2 6 9 0 0
 0 9 0 7 3 8 0 2 0
Assigned 5 to (3, 3):
 8 6 0 2 5 4 0 0 0
 0 4 0 6 7 1 8 0 9
 0 7 5 8 9 3 2 4 1
 0 5 0 9 6 7 1 0 0
 0 8 0 3 4 5 0 0 0
 0 0 0 1 8 2 0 0 0
 0 2 0 4 1 9 0 0 8
 0 1 8 5 2 6 9 0 0
 0 9 0 7 3 8 0 2 0
Backtracking...
Backtracking...
Backtracking...
Backtracking...
Backtracking...
Backtracking...
Backtracking...
Assigned 6 to (5, 5):
 8 0 0 2 5 4 0 0 0
 0 4 0 6 7 1 8 0 9
 0 7 0 8 9 3 2 4 1
 0 5 0 9 0 7 1 0 0
 0 8 0 3 6 0 0 0 0
 0 0 0 1 0 0 0 0 0
 0 2 0 4 1 9 0 0 8
 0 1 8 5 2 6 9 0 0
 0 9 0 7 3 8 0 2 0
Assigned 8 to (4, 5):
 8 0 0 2 5 4 0 0 0
 0 4 0 6 7 1 8 0 9
 0 7 0 8 9 3 2 4 1
 0 5 0 9 8 7 1 0 0
 0 8 0 3 6 0 0 0 0
 0 0 0 1 0 0 0 0 0
 0 2 0 4 1 9 0 0 8
 0 1 8 5 2 6 9 0 0
 0 9 0 7 3 8 0 2 0
Assigned 4 to (6, 5):
 8 0 0 2 5 4 0 0 0
 0 4 0 6 7 1 8 0 9
 0 7 0 8 9 3 2 4 1
 0 5 0 9 8 7 1 0 0
 0 8 0 3 6 0 0 0 0
 0 0 0 1 4 0 0 0 0
 0 2 0 4 1 9 0 0 8
 0 1 8 5 2 6 9 0 0
 0 9 0 7 3 8 0 2 0
Assigned 2 to (5, 6):
 8 0 0 2 5 4 0 0 0
 0 4 0 6 7 1 8 0 9
 0 7 0 8 9 3 2 4 1
 0 5 0 9 8 7 1 0 0
 0 8 0 3 6 2 0 0 0
 0 0 0 1 4 0 0 0 0
 0 2 0 4 1 9 0 0 8
 0 1 8 5 2 6 9 0 0
 0 9 0 7 3 8 0 2 0
Assigned 5 to (6, 6):
 8 0 0 2 5 4 0 0 0
 0 4 0 6 7 1 8 0 9
 0 7 0 8 9 3 2 4 1
 0 5 0 9 8 7 1 0 0
 0 8 0 3 6 2 0 0 0
 0 0 0 1 4 5 0 0 0
 0 2 0 4 1 9 0 0 8
 0 1 8 5 2 6 9 0 0
 0 9 0 7 3 8 0 2 0
Assigned 3 to (1, 2):
 8 3 0 2 5 4 0 0 0
 0 4 0 6 7 1 8 0 9
 0 7 0 8 9 3 2 4 1
 0 5 0 9 8 7 1 0 0
 0 8 0 3 6 2 0 0 0
 0 0 0 1 4 5 0 0 0
 0 2 0 4 1 9 0 0 8
 0 1 8 5 2 6 9 0 0
 0 9 0 7 3 8 0 2 0
Assigned 6 to (6, 2):
 8 3 0 2 5 4 0 0 0
 0 4 0 6 7 1 8 0 9
 0 7 0 8 9 3 2 4 1
 0 5 0 9 8 7 1 0 0
 0 8 0 3 6 2 0 0 0
 0 6 0 1 4 5 0 0 0
 0 2 0 4 1 9 0 0 8
 0 1 8 5 2 6 9 0 0
 0 9 0 7 3 8 0 2 0
Assigned 6 to (1, 7):
 8 3 0 2 5 4 6 0 0
 0 4 0 6 7 1 8 0 9
 0 7 0 8 9 3 2 4 1
 0 5 0 9 8 7 1 0 0
 0 8 0 3 6 2 0 0 0
 0 6 0 1 4 5 0 0 0
 0 2 0 4 1 9 0 0 8
 0 1 8 5 2 6 9 0 0
 0 9 0 7 3 8 0 2 0
Assigned 7 to (1, 9):
 8 3 0 2 5 4 6 0 7
 0 4 0 6 7 1 8 0 9
 0 7 0 8 9 3 2 4 1
 0 5 0 9 8 7 1 0 0
 0 8 0 3 6 2 0 0 0
 0 6 0 1 4 5 0 0 0
 0 2 0 4 1 9 0 0 8
 0 1 8 5 2 6 9 0 0
 0 9 0 7 3 8 0 2 0
Backtracking...
Backtracking...
Assigned 7 to (1, 7):
 8 3 0 2 5 4 7 0 0
 0 4 0 6 7 1 8 0 9
 0 7 0 8 9 3 2 4 1
 0 5 0 9 8 7 1 0 0
 0 8 0 3 6 2 0 0 0
 0 6 0 1 4 5 0 0 0
 0 2 0 4 1 9 0 0 8
 0 1 8 5 2 6 9 0 0
 0 9 0 7 3 8 0 2 0
Assigned 6 to (1, 9):
 8 3 0 2 5 4 7 0 6
 0 4 0 6 7 1 8 0 9
 0 7 0 8 9 3 2 4 1
 0 5 0 9 8 7 1 0 0
 0 8 0 3 6 2 0 0 0
 0 6 0 1 4 5 0 0 0
 0 2 0 4 1 9 0 0 8
 0 1 8 5 2 6 9 0 0
 0 9 0 7 3 8 0 2 0
Backtracking...
Backtracking...
Backtracking...
Backtracking...
Assigned 6 to (1, 2):
 8 6 0 2 5 4 0 0 0
 0 4 0 6 7 1 8 0 9
 0 7 0 8 9 3 2 4 1
 0 5 0 9 8 7 1 0 0
 0 8 0 3 6 2 0 0 0
 0 0 0 1 4 5 0 0 0
 0 2 0 4 1 9 0 0 8
 0 1 8 5 2 6 9 0 0
 0 9 0 7 3 8 0 2 0
Assigned 5 to (3, 3):
 8 6 0 2 5 4 0 0 0
 0 4 0 6 7 1 8 0 9
 0 7 5 8 9 3 2 4 1
 0 5 0 9 8 7 1 0 0
 0 8 0 3 6 2 0 0 0
 0 0 0 1 4 5 0 0 0
 0 2 0 4 1 9 0 0 8
 0 1 8 5 2 6 9 0 0
 0 9 0 7 3 8 0 2 0
Backtracking...
Backtracking...
Backtracking...
Backtracking...
Assigned 5 to (5, 6):
 8 0 0 2 5 4 0 0 0
 0 4 0 6 7 1 8 0 9
 0 7 0 8 9 3 2 4 1
 0 5 0 9 8 7 1 0 0
 0 8 0 3 6 5 0 0 0
 0 0 0 1 4 0 0 0 0
 0 2 0 4 1 9 0 0 8
 0 1 8 5 2 6 9 0 0
 0 9 0 7 3 8 0 2 0
Assigned 2 to (6, 6):
 8 0 0 2 5 4 0 0 0
 0 4 0 6 7 1 8 0 9
 0 7 0 8 9 3 2 4 1
 0 5 0 9 8 7 1 0 0
 0 8 0 3 6 5 0 0 0
 0 0 0 1 4 2 0 0 0
 0 2 0 4 1 9 0 0 8
 0 1 8 5 2 6 9 0 0
 0 9 0 7 3 8 0 2 0
Assigned 3 to (1, 2):
 8 3 0 2 5 4 0 0 0
 0 4 0 6 7 1 8 0 9
 0 7 0 8 9 3 2 4 1
 0 5 0 9 8 7 1 0 0
 0 8 0 3 6 5 0 0 0
 0 0 0 1 4 2 0 0 0
 0 2 0 4 1 9 0 0 8
 0 1 8 5 2 6 9 0 0
 0 9 0 7 3 8 0 2 0
Assigned 6 to (6, 2):
 8 3 0 2 5 4 0 0 0
 0 4 0 6 7 1 8 0 9
 0 7 0 8 9 3 2 4 1
 0 5 0 9 8 7 1 0 0
 0 8 0 3 6 5 0 0 0
 0 6 0 1 4 2 0 0 0
 0 2 0 4 1 9 0 0 8
 0 1 8 5 2 6 9 0 0
 0 9 0 7 3 8 0 2 0
Assigned 6 to (1, 7):
 8 3 0 2 5 4 6 0 0
 0 4 0 6 7 1 8 0 9
 0 7 0 8 9 3 2 4 1
 0 5 0 9 8 7 1 0 0
 0 8 0 3 6 5 0 0 0
 0 6 0 1 4 2 0 0 0
 0 2 0 4 1 9 0 0 8
 0 1 8 5 2 6 9 0 0
 0 9 0 7 3 8 0 2 0
Assigned 7 to (1, 9):
 8 3 0 2 5 4 6 0 7
 0 4 0 6 7 1 8 0 9
 0 7 0 8 9 3 2 4 1
 0 5 0 9 8 7 1 0 0
 0 8 0 3 6 5 0 0 0
 0 6 0 1 4 2 0 0 0
 0 2 0 4 1 9 0 0 8
 0 1 8 5 2 6 9 0 0
 0 9 0 7 3 8 0 2 0
Backtracking...
Backtracking...
Assigned 7 to (1, 7):
 8 3 0 2 5 4 7 0 0
 0 4 0 6 7 1 8 0 9
 0 7 0 8 9 3 2 4 1
 0 5 0 9 8 7 1 0 0
 0 8 0 3 6 5 0 0 0
 0 6 0 1 4 2 0 0 0
 0 2 0 4 1 9 0 0 8
 0 1 8 5 2 6 9 0 0
 0 9 0 7 3 8 0 2 0
Assigned 6 to (1, 9):
 8 3 0 2 5 4 7 0 6
 0 4 0 6 7 1 8 0 9
 0 7 0 8 9 3 2 4 1
 0 5 0 9 8 7 1 0 0
 0 8 0 3 6 5 0 0 0
 0 6 0 1 4 2 0 0 0
 0 2 0 4 1 9 0 0 8
 0 1 8 5 2 6 9 0 0
 0 9 0 7 3 8 0 2 0
Backtracking...
Backtracking...
Backtracking...
Backtracking...
Assigned 6 to (1, 2):
 8 6 0 2 5 4 0 0 0
 0 4 0 6 7 1 8 0 9
 0 7 0 8 9 3 2 4 1
 0 5 0 9 8 7 1 0 0
 0 8 0 3 6 5 0 0 0
 0 0 0 1 4 2 0 0 0
 0 2 0 4 1 9 0 0 8
 0 1 8 5 2 6 9 0 0
 0 9 0 7 3 8 0 2 0
Assigned 5 to (3, 3):
 8 6 0 2 5 4 0 0 0
 0 4 0 6 7 1 8 0 9
 0 7 5 8 9 3 2 4 1
 0 5 0 9 8 7 1 0 0
 0 8 0 3 6 5 0 0 0
 0 0 0 1 4 2 0 0 0
 0 2 0 4 1 9 0 0 8
 0 1 8 5 2 6 9 0 0
 0 9 0 7 3 8 0 2 0
Backtracking...
Backtracking...
Backtracking...
Backtracking...
Backtracking...
Backtracking...
Assigned 4 to (4, 5):
 8 0 0 2 5 4 0 0 0
 0 4 0 6 7 1 8 0 9
 0 7 0 8 9 3 2 4 1
 0 5 0 9 4 7 1 0 0
 0 8 0 3 6 0 0 0 0
 0 0 0 1 0 0 0 0 0
 0 2 0 4 1 9 0 0 8
 0 1 8 5 2 6 9 0 0
 0 9 0 7 3 8 0 2 0
Assigned 8 to (6, 5):
 8 0 0 2 5 4 0 0 0
 0 4 0 6 7 1 8 0 9
 0 7 0 8 9 3 2 4 1
 0 5 0 9 4 7 1 0 0
 0 8 0 3 6 0 0 0 0
 0 0 0 1 8 0 0 0 0
 0 2 0 4 1 9 0 0 8
 0 1 8 5 2 6 9 0 0
 0 9 0 7 3 8 0 2 0
Assigned 2 to (5, 6):
 8 0 0 2 5 4 0 0 0
 0 4 0 6 7 1 8 0 9
 0 7 0 8 9 3 2 4 1
 0 5 0 9 4 7 1 0 0
 0 8 0 3 6 2 0 0 0
 0 0 0 1 8 0 0 0 0
 0 2 0 4 1 9 0 0 8
 0 1 8 5 2 6 9 0 0
 0 9 0 7 3 8 0 2 0
Assigned 5 to (6, 6):
 8 0 0 2 5 4 0 0 0
 0 4 0 6 7 1 8 0 9
 0 7 0 8 9 3 2 4 1
 0 5 0 9 4 7 1 0 0
 0 8 0 3 6 2 0 0 0
 0 0 0 1 8 5 0 0 0
 0 2 0 4 1 9 0 0 8
 0 1 8 5 2 6 9 0 0
 0 9 0 7 3 8 0 2 0
Assigned 3 to (1, 2):
 8 3 0 2 5 4 0 0 0
 0 4 0 6 7 1 8 0 9
 0 7 0 8 9 3 2 4 1
 0 5 0 9 4 7 1 0 0
 0 8 0 3 6 2 0 0 0
 0 0 0 1 8 5 0 0 0
 0 2 0 4 1 9 0 0 8
 0 1 8 5 2 6 9 0 0
 0 9 0 7 3 8 0 2 0
Assigned 6 to (6, 2):
 8 3 0 2 5 4 0 0 0
 0 4 0 6 7 1 8 0 9
 0 7 0 8 9 3 2 4 1
 0 5 0 9 4 7 1 0 0
 0 8 0 3 6 2 0 0 0
 0 6 0 1 8 5 0 0 0
 0 2 0 4 1 9 0 0 8
 0 1 8 5 2 6 9 0 0
 0 9 0 7 3 8 0 2 0
Assigned 6 to (1, 7):
 8 3 0 2 5 4 6 0 0
 0 4 0 6 7 1 8 0 9
 0 7 0 8 9 3 2 4 1
 0 5 0 9 4 7 1 0 0
 0 8 0 3 6 2 0 0 0
 0 6 0 1 8 5 0 0 0
 0 2 0 4 1 9 0 0 8
 0 1 8 5 2 6 9 0 0
 0 9 0 7 3 8 0 2 0
Assigned 7 to (1, 9):
 8 3 0 2 5 4 6 0 7
 0 4 0 6 7 1 8 0 9
 0 7 0 8 9 3 2 4 1
 0 5 0 9 4 7 1 0 0
 0 8 0 3 6 2 0 0 0
 0 6 0 1 8 5 0 0 0
 0 2 0 4 1 9 0 0 8
 0 1 8 5 2 6 9 0 0
 0 9 0 7 3 8 0 2 0
Backtracking...
Backtracking...
Assigned 7 to (1, 7):
 8 3 0 2 5 4 7 0 0
 0 4 0 6 7 1 8 0 9
 0 7 0 8 9 3 2 4 1
 0 5 0 9 4 7 1 0 0
 0 8 0 3 6 2 0 0 0
 0 6 0 1 8 5 0 0 0
 0 2 0 4 1 9 0 0 8
 0 1 8 5 2 6 9 0 0
 0 9 0 7 3 8 0 2 0
Assigned 6 to (1, 9):
 8 3 0 2 5 4 7 0 6
 0 4 0 6 7 1 8 0 9
 0 7 0 8 9 3 2 4 1
 0 5 0 9 4 7 1 0 0
 0 8 0 3 6 2 0 0 0
 0 6 0 1 8 5 0 0 0
 0 2 0 4 1 9 0 0 8
 0 1 8 5 2 6 9 0 0
 0 9 0 7 3 8 0 2 0
Backtracking...
Backtracking...
Backtracking...
Backtracking...
Assigned 6 to (1, 2):
 8 6 0 2 5 4 0 0 0
 0 4 0 6 7 1 8 0 9
 0 7 0 8 9 3 2 4 1
 0 5 0 9 4 7 1 0 0
 0 8 0 3 6 2 0 0 0
 0 0 0 1 8 5 0 0 0
 0 2 0 4 1 9 0 0 8
 0 1 8 5 2 6 9 0 0
 0 9 0 7 3 8 0 2 0
Assigned 5 to (3, 3):
 8 6 0 2 5 4 0 0 0
 0 4 0 6 7 1 8 0 9
 0 7 5 8 9 3 2 4 1
 0 5 0 9 4 7 1 0 0
 0 8 0 3 6 2 0 0 0
 0 0 0 1 8 5 0 0 0
 0 2 0 4 1 9 0 0 8
 0 1 8 5 2 6 9 0 0
 0 9 0 7 3 8 0 2 0
Backtracking...
Backtracking...
Backtracking...
Backtracking...
Assigned 5 to (5, 6):
 8 0 0 2 5 4 0 0 0
 0 4 0 6 7 1 8 0 9
 0 7 0 8 9 3 2 4 1
 0 5 0 9 4 7 1 0 0
 0 8 0 3 6 5 0 0 0
 0 0 0 1 8 0 0 0 0
 0 2 0 4 1 9 0 0 8
 0 1 8 5 2 6 9 0 0
 0 9 0 7 3 8 0 2 0
Assigned 2 to (6, 6):
 8 0 0 2 5 4 0 0 0
 0 4 0 6 7 1 8 0 9
 0 7 0 8 9 3 2 4 1
 0 5 0 9 4 7 1 0 0
 0 8 0 3 6 5 0 0 0
 0 0 0 1 8 2 0 0 0
 0 2 0 4 1 9 0 0 8
 0 1 8 5 2 6 9 0 0
 0 9 0 7 3 8 0 2 0
Assigned 3 to (1, 2):
 8 3 0 2 5 4 0 0 0
 0 4 0 6 7 1 8 0 9
 0 7 0 8 9 3 2 4 1
 0 5 0 9 4 7 1 0 0
 0 8 0 3 6 5 0 0 0
 0 0 0 1 8 2 0 0 0
 0 2 0 4 1 9 0 0 8
 0 1 8 5 2 6 9 0 0
 0 9 0 7 3 8 0 2 0
Assigned 6 to (6, 2):
 8 3 0 2 5 4 0 0 0
 0 4 0 6 7 1 8 0 9
 0 7 0 8 9 3 2 4 1
 0 5 0 9 4 7 1 0 0
 0 8 0 3 6 5 0 0 0
 0 6 0 1 8 2 0 0 0
 0 2 0 4 1 9 0 0 8
 0 1 8 5 2 6 9 0 0
 0 9 0 7 3 8 0 2 0
Assigned 6 to (1, 7):
 8 3 0 2 5 4 6 0 0
 0 4 0 6 7 1 8 0 9
 0 7 0 8 9 3 2 4 1
 0 5 0 9 4 7 1 0 0
 0 8 0 3 6 5 0 0 0
 0 6 0 1 8 2 0 0 0
 0 2 0 4 1 9 0 0 8
 0 1 8 5 2 6 9 0 0
 0 9 0 7 3 8 0 2 0
Assigned 7 to (1, 9):
 8 3 0 2 5 4 6 0 7
 0 4 0 6 7 1 8 0 9
 0 7 0 8 9 3 2 4 1
 0 5 0 9 4 7 1 0 0
 0 8 0 3 6 5 0 0 0
 0 6 0 1 8 2 0 0 0
 0 2 0 4 1 9 0 0 8
 0 1 8 5 2 6 9 0 0
 0 9 0 7 3 8 0 2 0
Backtracking...
Backtracking...
Assigned 7 to (1, 7):
 8 3 0 2 5 4 7 0 0
 0 4 0 6 7 1 8 0 9
 0 7 0 8 9 3 2 4 1
 0 5 0 9 4 7 1 0 0
 0 8 0 3 6 5 0 0 0
 0 6 0 1 8 2 0 0 0
 0 2 0 4 1 9 0 0 8
 0 1 8 5 2 6 9 0 0
 0 9 0 7 3 8 0 2 0
Assigned 6 to (1, 9):
 8 3 0 2 5 4 7 0 6
 0 4 0 6 7 1 8 0 9
 0 7 0 8 9 3 2 4 1
 0 5 0 9 4 7 1 0 0
 0 8 0 3 6 5 0 0 0
 0 6 0 1 8 2 0 0 0
 0 2 0 4 1 9 0 0 8
 0 1 8 5 2 6 9 0 0
 0 9 0 7 3 8 0 2 0
Backtracking...
Backtracking...
Backtracking...
Backtracking...
Assigned 6 to (1, 2):
 8 6 0 2 5 4 0 0 0
 0 4 0 6 7 1 8 0 9
 0 7 0 8 9 3 2 4 1
 0 5 0 9 4 7 1 0 0
 0 8 0 3 6 5 0 0 0
 0 0 0 1 8 2 0 0 0
 0 2 0 4 1 9 0 0 8
 0 1 8 5 2 6 9 0 0
 0 9 0 7 3 8 0 2 0
Assigned 5 to (3, 3):
 8 6 0 2 5 4 0 0 0
 0 4 0 6 7 1 8 0 9
 0 7 5 8 9 3 2 4 1
 0 5 0 9 4 7 1 0 0
 0 8 0 3 6 5 0 0 0
 0 0 0 1 8 2 0 0 0
 0 2 0 4 1 9 0 0 8
 0 1 8 5 2 6 9 0 0
 0 9 0 7 3 8 0 2 0
Backtracking...
Backtracking...
Backtracking...
Backtracking...
Backtracking...
Backtracking...
Backtracking...
Backtracking...
Assigned 3 to (8, 2):
 8 0 0 2 5 4 0 0 0
 0 4 0 6 7 1 8 0 9
 0 7 0 8 9 3 2 4 1
 0 5 0 9 0 7 1 0 0
 0 8 0 3 0 0 0 0 0
 0 0 0 1 0 0 0 0 0
 0 2 0 4 1 9 0 0 8
 0 3 8 5 2 6 9 0 0
 0 9 0 7 3 8 0 2 0
Assigned 6 to (6, 2):
 8 0 0 2 5 4 0 0 0
 0 4 0 6 7 1 8 0 9
 0 7 0 8 9 3 2 4 1
 0 5 0 9 0 7 1 0 0
 0 8 0 3 0 0 0 0 0
 0 6 0 1 0 0 0 0 0
 0 2 0 4 1 9 0 0 8
 0 3 8 5 2 6 9 0 0
 0 9 0 7 3 8 0 2 0
Assigned 1 to (1, 2):
 8 1 0 2 5 4 0 0 0
 0 4 0 6 7 1 8 0 9
 0 7 0 8 9 3 2 4 1
 0 5 0 9 0 7 1 0 0
 0 8 0 3 0 0 0 0 0
 0 6 0 1 0 0 0 0 0
 0 2 0 4 1 9 0 0 8
 0 3 8 5 2 6 9 0 0
 0 9 0 7 3 8 0 2 0
Assigned 6 to (3, 3):
 8 1 0 2 5 4 0 0 0
 0 4 0 6 7 1 8 0 9
 0 7 6 8 9 3 2 4 1
 0 5 0 9 0 7 1 0 0
 0 8 0 3 0 0 0 0 0
 0 6 0 1 0 0 0 0 0
 0 2 0 4 1 9 0 0 8
 0 3 8 5 2 6 9 0 0
 0 9 0 7 3 8 0 2 0
Assigned 5 to (3, 1):
 8 1 0 2 5 4 0 0 0
 0 4 0 6 7 1 8 0 9
 5 7 6 8 9 3 2 4 1
 0 5 0 9 0 7 1 0 0
 0 8 0 3 0 0 0 0 0
 0 6 0 1 0 0 0 0 0
 0 2 0 4 1 9 0 0 8
 0 3 8 5 2 6 9 0 0
 0 9 0 7 3 8 0 2 0
Assigned 2 to (2, 3):
 8 1 0 2 5 4 0 0 0
 0 4 2 6 7 1 8 0 9
 5 7 6 8 9 3 2 4 1
 0 5 0 9 0 7 1 0 0
 0 8 0 3 0 0 0 0 0
 0 6 0 1 0 0 0 0 0
 0 2 0 4 1 9 0 0 8
 0 3 8 5 2 6 9 0 0
 0 9 0 7 3 8 0 2 0
Assigned 3 to (2, 1):
 8 1 0 2 5 4 0 0 0
 3 4 2 6 7 1 8 0 9
 5 7 6 8 9 3 2 4 1
 0 5 0 9 0 7 1 0 0
 0 8 0 3 0 0 0 0 0
 0 6 0 1 0 0 0 0 0
 0 2 0 4 1 9 0 0 8
 0 3 8 5 2 6 9 0 0
 0 9 0 7 3 8 0 2 0
Assigned 9 to (1, 3):
 8 1 9 2 5 4 0 0 0
 3 4 2 6 7 1 8 0 9
 5 7 6 8 9 3 2 4 1
 0 5 0 9 0 7 1 0 0
 0 8 0 3 0 0 0 0 0
 0 6 0 1 0 0 0 0 0
 0 2 0 4 1 9 0 0 8
 0 3 8 5 2 6 9 0 0
 0 9 0 7 3 8 0 2 0
Assigned 5 to (2, 8):
 8 1 9 2 5 4 0 0 0
 3 4 2 6 7 1 8 5 9
 5 7 6 8 9 3 2 4 1
 0 5 0 9 0 7 1 0 0
 0 8 0 3 0 0 0 0 0
 0 6 0 1 0 0 0 0 0
 0 2 0 4 1 9 0 0 8
 0 3 8 5 2 6 9 0 0
 0 9 0 7 3 8 0 2 0
Assigned 2 to (4, 1):
 8 1 9 2 5 4 0 0 0
 3 4 2 6 7 1 8 5 9
 5 7 6 8 9 3 2 4 1
 2 5 0 9 0 7 1 0 0
 0 8 0 3 0 0 0 0 0
 0 6 0 1 0 0 0 0 0
 0 2 0 4 1 9 0 0 8
 0 3 8 5 2 6 9 0 0
 0 9 0 7 3 8 0 2 0
Assigned 6 to (7, 1):
 8 1 9 2 5 4 0 0 0
 3 4 2 6 7 1 8 5 9
 5 7 6 8 9 3 2 4 1
 2 5 0 9 0 7 1 0 0
 0 8 0 3 0 0 0 0 0
 0 6 0 1 0 0 0 0 0
 6 2 0 4 1 9 0 0 8
 0 3 8 5 2 6 9 0 0
 0 9 0 7 3 8 0 2 0
Assigned 1 to (9, 1):
 8 1 9 2 5 4 0 0 0
 3 4 2 6 7 1 8 5 9
 5 7 6 8 9 3 2 4 1
 2 5 0 9 0 7 1 0 0
 0 8 0 3 0 0 0 0 0
 0 6 0 1 0 0 0 0 0
 6 2 0 4 1 9 0 0 8
 0 3 8 5 2 6 9 0 0
 1 9 0 7 3 8 0 2 0
Assigned 4 to (8, 1):
 8 1 9 2 5 4 0 0 0
 3 4 2 6 7 1 8 5 9
 5 7 6 8 9 3 2 4 1
 2 5 0 9 0 7 1 0 0
 0 8 0 3 0 0 0 0 0
 0 6 0 1 0 0 0 0 0
 6 2 0 4 1 9 0 0 8
 4 3 8 5 2 6 9 0 0
 1 9 0 7 3 8 0 2 0
Assigned 5 to (9, 3):
 8 1 9 2 5 4 0 0 0
 3 4 2 6 7 1 8 5 9
 5 7 6 8 9 3 2 4 1
 2 5 0 9 0 7 1 0 0
 0 8 0 3 0 0 0 0 0
 0 6 0 1 0 0 0 0 0
 6 2 0 4 1 9 0 0 8
 4 3 8 5 2 6 9 0 0
 1 9 5 7 3 8 0 2 0
Assigned 7 to (7, 3):
 8 1 9 2 5 4 0 0 0
 3 4 2 6 7 1 8 5 9
 5 7 6 8 9 3 2 4 1
 2 5 0 9 0 7 1 0 0
 0 8 0 3 0 0 0 0 0
 0 6 0 1 0 0 0 0 0
 6 2 7 4 1 9 0 0 8
 4 3 8 5 2 6 9 0 0
 1 9 5 7 3 8 0 2 0
Assigned 3 to (7, 8):
 8 1 9 2 5 4 0 0 0
 3 4 2 6 7 1 8 5 9
 5 7 6 8 9 3 2 4 1
 2 5 0 9 0 7 1 0 0
 0 8 0 3 0 0 0 0 0
 0 6 0 1 0 0 0 0 0
 6 2 7 4 1 9 0 3 8
 4 3 8 5 2 6 9 0 0
 1 9 5 7 3 8 0 2 0
Assigned 5 to (7, 7):
 8 1 9 2 5 4 0 0 0
 3 4 2 6 7 1 8 5 9
 5 7 6 8 9 3 2 4 1
 2 5 0 9 0 7 1 0 0
 0 8 0 3 0 0 0 0 0
 0 6 0 1 0 0 0 0 0
 6 2 7 4 1 9 5 3 8
 4 3 8 5 2 6 9 0 0
 1 9 5 7 3 8 0 2 0
Assigned 7 to (8, 9):
 8 1 9 2 5 4 0 0 0
 3 4 2 6 7 1 8 5 9
 5 7 6 8 9 3 2 4 1
 2 5 0 9 0 7 1 0 0
 0 8 0 3 0 0 0 0 0
 0 6 0 1 0 0 0 0 0
 6 2 7 4 1 9 5 3 8
 4 3 8 5 2 6 9 0 7
 1 9 5 7 3 8 0 2 0
Assigned 1 to (8, 8):
 8 1 9 2 5 4 0 0 0
 3 4 2 6 7 1 8 5 9
 5 7 6 8 9 3 2 4 1
 2 5 0 9 0 7 1 0 0
 0 8 0 3 0 0 0 0 0
 0 6 0 1 0 0 0 0 0
 6 2 7 4 1 9 5 3 8
 4 3 8 5 2 6 9 1 7
 1 9 5 7 3 8 0 2 0
Assigned 6 to (9, 7):
 8 1 9 2 5 4 0 0 0
 3 4 2 6 7 1 8 5 9
 5 7 6 8 9 3 2 4 1
 2 5 0 9 0 7 1 0 0
 0 8 0 3 0 0 0 0 0
 0 6 0 1 0 0 0 0 0
 6 2 7 4 1 9 5 3 8
 4 3 8 5 2 6 9 1 7
 1 9 5 7 3 8 6 2 0
Assigned 4 to (9, 9):
 8 1 9 2 5 4 0 0 0
 3 4 2 6 7 1 8 5 9
 5 7 6 8 9 3 2 4 1
 2 5 0 9 0 7 1 0 0
 0 8 0 3 0 0 0 0 0
 0 6 0 1 0 0 0 0 0
 6 2 7 4 1 9 5 3 8
 4 3 8 5 2 6 9 1 7
 1 9 5 7 3 8 6 2 4
Assigned 3 to (1, 7):
 8 1 9 2 5 4 3 0 0
 3 4 2 6 7 1 8 5 9
 5 7 6 8 9 3 2 4 1
 2 5 0 9 0 7 1 0 0
 0 8 0 3 0 0 0 0 0
 0 6 0 1 0 0 0 0 0
 6 2 7 4 1 9 5 3 8
 4 3 8 5 2 6 9 1 7
 1 9 5 7 3 8 6 2 4
Assigned 6 to (1, 9):
 8 1 9 2 5 4 3 0 6
 3 4 2 6 7 1 8 5 9
 5 7 6 8 9 3 2 4 1
 2 5 0 9 0 7 1 0 0
 0 8 0 3 0 0 0 0 0
 0 6 0 1 0 0 0 0 0
 6 2 7 4 1 9 5 3 8
 4 3 8 5 2 6 9 1 7
 1 9 5 7 3 8 6 2 4
Assigned 7 to (1, 8):
 8 1 9 2 5 4 3 7 6
 3 4 2 6 7 1 8 5 9
 5 7 6 8 9 3 2 4 1
 2 5 0 9 0 7 1 0 0
 0 8 0 3 0 0 0 0 0
 0 6 0 1 0 0 0 0 0
 6 2 7 4 1 9 5 3 8
 4 3 8 5 2 6 9 1 7
 1 9 5 7 3 8 6 2 4
Assigned 3 to (4, 9):
 8 1 9 2 5 4 3 7 6
 3 4 2 6 7 1 8 5 9
 5 7 6 8 9 3 2 4 1
 2 5 0 9 0 7 1 0 3
 0 8 0 3 0 0 0 0 0
 0 6 0 1 0 0 0 0 0
 6 2 7 4 1 9 5 3 8
 4 3 8 5 2 6 9 1 7
 1 9 5 7 3 8 6 2 4
Assigned 4 to (4, 3):
 8 1 9 2 5 4 3 7 6
 3 4 2 6 7 1 8 5 9
 5 7 6 8 9 3 2 4 1
 2 5 4 9 0 7 1 0 3
 0 8 0 3 0 0 0 0 0
 0 6 0 1 0 0 0 0 0
 6 2 7 4 1 9 5 3 8
 4 3 8 5 2 6 9 1 7
 1 9 5 7 3 8 6 2 4
Assigned 1 to (5, 3):
 8 1 9 2 5 4 3 7 6
 3 4 2 6 7 1 8 5 9
 5 7 6 8 9 3 2 4 1
 2 5 4 9 0 7 1 0 3
 0 8 1 3 0 0 0 0 0
 0 6 0 1 0 0 0 0 0
 6 2 7 4 1 9 5 3 8
 4 3 8 5 2 6 9 1 7
 1 9 5 7 3 8 6 2 4
Assigned 3 to (6, 3):
 8 1 9 2 5 4 3 7 6
 3 4 2 6 7 1 8 5 9
 5 7 6 8 9 3 2 4 1
 2 5 4 9 0 7 1 0 3
 0 8 1 3 0 0 0 0 0
 0 6 3 1 0 0 0 0 0
 6 2 7 4 1 9 5 3 8
 4 3 8 5 2 6 9 1 7
 1 9 5 7 3 8 6 2 4
Assigned 7 to (5, 1):
 8 1 9 2 5 4 3 7 6
 3 4 2 6 7 1 8 5 9
 5 7 6 8 9 3 2 4 1
 2 5 4 9 0 7 1 0 3
 7 8 1 3 0 0 0 0 0
 0 6 3 1 0 0 0 0 0
 6 2 7 4 1 9 5 3 8
 4 3 8 5 2 6 9 1 7
 1 9 5 7 3 8 6 2 4
Assigned 9 to (6, 1):
 8 1 9 2 5 4 3 7 6
 3 4 2 6 7 1 8 5 9
 5 7 6 8 9 3 2 4 1
 2 5 4 9 0 7 1 0 3
 7 8 1 3 0 0 0 0 0
 9 6 3 1 0 0 0 0 0
 6 2 7 4 1 9 5 3 8
 4 3 8 5 2 6 9 1 7
 1 9 5 7 3 8 6 2 4
Assigned 4 to (5, 7):
 8 1 9 2 5 4 3 7 6
 3 4 2 6 7 1 8 5 9
 5 7 6 8 9 3 2 4 1
 2 5 4 9 0 7 1 0 3
 7 8 1 3 0 0 4 0 0
 9 6 3 1 0 0 0 0 0
 6 2 7 4 1 9 5 3 8
 4 3 8 5 2 6 9 1 7
 1 9 5 7 3 8 6 2 4
Assigned 6 to (5, 5):
 8 1 9 2 5 4 3 7 6
 3 4 2 6 7 1 8 5 9
 5 7 6 8 9 3 2 4 1
 2 5 4 9 0 7 1 0 3
 7 8 1 3 6 0 4 0 0
 9 6 3 1 0 0 0 0 0
 6 2 7 4 1 9 5 3 8
 4 3 8 5 2 6 9 1 7
 1 9 5 7 3 8 6 2 4
Assigned 8 to (4, 5):
 8 1 9 2 5 4 3 7 6
 3 4 2 6 7 1 8 5 9
 5 7 6 8 9 3 2 4 1
 2 5 4 9 8 7 1 0 3
 7 8 1 3 6 0 4 0 0
 9 6 3 1 0 0 0 0 0
 6 2 7 4 1 9 5 3 8
 4 3 8 5 2 6 9 1 7
 1 9 5 7 3 8 6 2 4
Assigned 4 to (6, 5):
 8 1 9 2 5 4 3 7 6
 3 4 2 6 7 1 8 5 9
 5 7 6 8 9 3 2 4 1
 2 5 4 9 8 7 1 0 3
 7 8 1 3 6 0 4 0 0
 9 6 3 1 4 0 0 0 0
 6 2 7 4 1 9 5 3 8
 4 3 8 5 2 6 9 1 7
 1 9 5 7 3 8 6 2 4
Assigned 6 to (4, 8):
 8 1 9 2 5 4 3 7 6
 3 4 2 6 7 1 8 5 9
 5 7 6 8 9 3 2 4 1
 2 5 4 9 8 7 1 6 3
 7 8 1 3 6 0 4 0 0
 9 6 3 1 4 0 0 0 0
 6 2 7 4 1 9 5 3 8
 4 3 8 5 2 6 9 1 7
 1 9 5 7 3 8 6 2 4
Assigned 9 to (5, 8):
 8 1 9 2 5 4 3 7 6
 3 4 2 6 7 1 8 5 9
 5 7 6 8 9 3 2 4 1
 2 5 4 9 8 7 1 6 3
 7 8 1 3 6 0 4 9 0
 9 6 3 1 4 0 0 0 0
 6 2 7 4 1 9 5 3 8
 4 3 8 5 2 6 9 1 7
 1 9 5 7 3 8 6 2 4
Assigned 7 to (6, 7):
 8 1 9 2 5 4 3 7 6
 3 4 2 6 7 1 8 5 9
 5 7 6 8 9 3 2 4 1
 2 5 4 9 8 7 1 6 3
 7 8 1 3 6 0 4 9 0
 9 6 3 1 4 0 7 0 0
 6 2 7 4 1 9 5 3 8
 4 3 8 5 2 6 9 1 7
 1 9 5 7 3 8 6 2 4
Assigned 8 to (6, 8):
 8 1 9 2 5 4 3 7 6
 3 4 2 6 7 1 8 5 9
 5 7 6 8 9 3 2 4 1
 2 5 4 9 8 7 1 6 3
 7 8 1 3 6 0 4 9 0
 9 6 3 1 4 0 7 8 0
 6 2 7 4 1 9 5 3 8
 4 3 8 5 2 6 9 1 7
 1 9 5 7 3 8 6 2 4
Assigned 2 to (5, 9):
 8 1 9 2 5 4 3 7 6
 3 4 2 6 7 1 8 5 9
 5 7 6 8 9 3 2 4 1
 2 5 4 9 8 7 1 6 3
 7 8 1 3 6 0 4 9 2
 9 6 3 1 4 0 7 8 0
 6 2 7 4 1 9 5 3 8
 4 3 8 5 2 6 9 1 7
 1 9 5 7 3 8 6 2 4
Assigned 5 to (5, 6):
 8 1 9 2 5 4 3 7 6
 3 4 2 6 7 1 8 5 9
 5 7 6 8 9 3 2 4 1
 2 5 4 9 8 7 1 6 3
 7 8 1 3 6 5 4 9 2
 9 6 3 1 4 0 7 8 0
 6 2 7 4 1 9 5 3 8
 4 3 8 5 2 6 9 1 7
 1 9 5 7 3 8 6 2 4
Assigned 2 to (6, 6):
 8 1 9 2 5 4 3 7 6
 3 4 2 6 7 1 8 5 9
 5 7 6 8 9 3 2 4 1
 2 5 4 9 8 7 1 6 3
 7 8 1 3 6 5 4 9 2
 9 6 3 1 4 2 7 8 0
 6 2 7 4 1 9 5 3 8
 4 3 8 5 2 6 9 1 7
 1 9 5 7 3 8 6 2 4
Assigned 5 to (6, 9):
 8 1 9 2 5 4 3 7 6
 3 4 2 6 7 1 8 5 9
 5 7 6 8 9 3 2 4 1
 2 5 4 9 8 7 1 6 3
 7 8 1 3 6 5 4 9 2
 9 6 3 1 4 2 7 8 5
 6 2 7 4 1 9 5 3 8
 4 3 8 5 2 6 9 1 7
 1 9 5 7 3 8 6 2 4
Status:	Success!
Trials:	278
Time:	0.004967 seconds
